origin_date,target,target_end_date,horizon,location,output_type,output_type_id,value
2025-09-24,ILI incidence,2025-09-21,1,BE,quantile,0.01,20.600636068036643
2025-09-24,ILI incidence,2025-09-21,1,BE,quantile,0.025,24.952448358930315
2025-09-24,ILI incidence,2025-09-21,1,BE,quantile,0.05,29.390292306914176
2025-09-24,ILI incidence,2025-09-21,1,BE,quantile,0.1,35.45660135721778
2025-09-24,ILI incidence,2025-09-21,1,BE,quantile,0.15,40.21971366803501
2025-09-24,ILI incidence,2025-09-21,1,BE,quantile,0.2,44.44530299972892
2025-09-24,ILI incidence,2025-09-21,1,BE,quantile,0.25,48.414081762469486
2025-09-24,ILI incidence,2025-09-21,1,BE,quantile,0.3,52.2726969143931
2025-09-24,ILI incidence,2025-09-21,1,BE,quantile,0.35,56.116743472100545
2025-09-24,ILI incidence,2025-09-21,1,BE,quantile,0.4,60.02053868223358
2025-09-24,ILI incidence,2025-09-21,1,BE,quantile,0.45,64.05127441553019
2025-09-24,ILI incidence,2025-09-21,1,BE,quantile,0.5,68.2779684092951
2025-09-24,ILI incidence,2025-09-21,1,BE,quantile,0.55,72.77929102913137
2025-09-24,ILI incidence,2025-09-21,1,BE,quantile,0.6,77.65281117743835
2025-09-24,ILI incidence,2025-09-21,1,BE,quantile,0.65,83.0285460123202
2025-09-24,ILI incidence,2025-09-21,1,BE,quantile,0.7,89.0918704121884
2025-09-24,ILI incidence,2025-09-21,1,BE,quantile,0.75,96.12690665769921
2025-09-24,ILI incidence,2025-09-21,1,BE,quantile,0.8,104.60908587072068
2025-09-24,ILI incidence,2025-09-21,1,BE,quantile,0.85,115.43547419013609
2025-09-24,ILI incidence,2025-09-21,1,BE,quantile,0.9,130.64795203733615
2025-09-24,ILI incidence,2025-09-21,1,BE,quantile,0.95,156.92664507630792
2025-09-24,ILI incidence,2025-09-21,1,BE,quantile,0.975,183.93195094896654
2025-09-24,ILI incidence,2025-09-21,1,BE,quantile,0.99,221.1896101486204
2025-09-24,ILI incidence,2025-09-21,1,BE,median,,68.2779684092951
2025-09-24,ILI incidence,2025-09-28,2,BE,quantile,0.01,16.832652247806195
2025-09-24,ILI incidence,2025-09-28,2,BE,quantile,0.025,21.097824112699396
2025-09-24,ILI incidence,2025-09-28,2,BE,quantile,0.05,25.573546697360985
2025-09-24,ILI incidence,2025-09-28,2,BE,quantile,0.1,31.869999979560262
2025-09-24,ILI incidence,2025-09-28,2,BE,quantile,0.15,36.94092657449817
2025-09-24,ILI incidence,2025-09-28,2,BE,quantile,0.2,41.52345447157718
2025-09-24,ILI incidence,2025-09-28,2,BE,quantile,0.25,45.89351720951586
2025-09-24,ILI incidence,2025-09-28,2,BE,quantile,0.3,50.19941457912417
2025-09-24,ILI incidence,2025-09-28,2,BE,quantile,0.35,54.54163788222987
2025-09-24,ILI incidence,2025-09-28,2,BE,quantile,0.4,59.002020462499125
2025-09-24,ILI incidence,2025-09-28,2,BE,quantile,0.45,63.65813465310896
2025-09-24,ILI incidence,2025-09-28,2,BE,quantile,0.5,68.59304989726117
2025-09-24,ILI incidence,2025-09-28,2,BE,quantile,0.55,73.90461362652081
2025-09-24,ILI incidence,2025-09-28,2,BE,quantile,0.6,79.71715846684941
2025-09-24,ILI incidence,2025-09-28,2,BE,quantile,0.65,86.19931169966866
2025-09-24,ILI incidence,2025-09-28,2,BE,quantile,0.7,93.59468694740559
2025-09-24,ILI incidence,2025-09-28,2,BE,quantile,0.75,102.28064266034364
2025-09-24,ILI incidence,2025-09-28,2,BE,quantile,0.8,112.89461778651805
2025-09-24,ILI incidence,2025-09-28,2,BE,quantile,0.85,126.65087812214938
2025-09-24,ILI incidence,2025-09-28,2,BE,quantile,0.9,146.34385753009903
2025-09-24,ILI incidence,2025-09-28,2,BE,quantile,0.95,181.25616057805544
2025-09-24,ILI incidence,2025-09-28,2,BE,quantile,0.975,218.17056490730909
2025-09-24,ILI incidence,2025-09-28,2,BE,quantile,0.99,270.59126565699177
2025-09-24,ILI incidence,2025-09-28,2,BE,median,,68.59304989726117
2025-09-24,ILI incidence,2025-10-05,3,BE,quantile,0.01,14.071507989094739
2025-09-24,ILI incidence,2025-10-05,3,BE,quantile,0.025,18.191414509159678
2025-09-24,ILI incidence,2025-10-05,3,BE,quantile,0.05,22.624901929900695
2025-09-24,ILI incidence,2025-10-05,3,BE,quantile,0.1,29.021853793167484
2025-09-24,ILI incidence,2025-10-05,3,BE,quantile,0.15,34.289974770875
2025-09-24,ILI incidence,2025-10-05,3,BE,quantile,0.2,39.12869937493626
2025-09-24,ILI incidence,2025-10-05,3,BE,quantile,0.25,43.80533414749087
2025-09-24,ILI incidence,2025-10-05,3,BE,quantile,0.3,48.46780314563626
2025-09-24,ILI incidence,2025-10-05,3,BE,quantile,0.35,53.22030497327786
2025-09-24,ILI incidence,2025-10-05,3,BE,quantile,0.4,58.15147604829971
2025-09-24,ILI incidence,2025-10-05,3,BE,quantile,0.45,63.34888649455037
2025-09-24,ILI incidence,2025-10-05,3,BE,quantile,0.5,68.9095643998831
2025-09-24,ILI incidence,2025-10-05,3,BE,quantile,0.55,74.95076559709089
2025-09-24,ILI incidence,2025-10-05,3,BE,quantile,0.6,81.62426436477553
2025-09-24,ILI incidence,2025-10-05,3,BE,quantile,0.65,89.1386887622654
2025-09-24,ILI incidence,2025-10-05,3,BE,quantile,0.7,97.79854943614038
2025-09-24,ILI incidence,2025-10-05,3,BE,quantile,0.75,108.07958366057845
2025-09-24,ILI incidence,2025-10-05,3,BE,quantile,0.8,120.79181659782277
2025-09-24,ILI incidence,2025-10-05,3,BE,quantile,0.85,137.49109347096956
2025-09-24,ILI incidence,2025-10-05,3,BE,quantile,0.9,161.7929850119279
2025-09-24,ILI incidence,2025-10-05,3,BE,quantile,0.95,205.87269767650392
2025-09-24,ILI incidence,2025-10-05,3,BE,quantile,0.975,253.66320850132072
2025-09-24,ILI incidence,2025-10-05,3,BE,quantile,0.99,323.2772520253269
2025-09-24,ILI incidence,2025-10-05,3,BE,median,,68.9095643998831
2025-09-24,ILI incidence,2025-10-12,4,BE,quantile,0.01,11.94667811809415
2025-09-24,ILI incidence,2025-10-12,4,BE,quantile,0.025,15.897143579589954
2025-09-24,ILI incidence,2025-10-12,4,BE,quantile,0.05,20.246281263378524
2025-09-24,ILI incidence,2025-10-12,4,BE,quantile,0.1,26.667189316957053
2025-09-24,ILI incidence,2025-10-12,4,BE,quantile,0.15,32.06286779889039
2025-09-24,ILI incidence,2025-10-12,4,BE,quantile,0.2,37.09220371723981
2025-09-24,ILI incidence,2025-10-12,4,BE,quantile,0.25,42.01241508515333
2025-09-24,ILI incidence,2025-10-12,4,BE,quantile,0.3,46.97024099649938
2025-09-24,ILI incidence,2025-10-12,4,BE,quantile,0.35,52.07313535542658
2025-09-24,ILI incidence,2025-10-12,4,BE,quantile,0.4,57.41632758014927
2025-09-24,ILI incidence,2025-10-12,4,BE,quantile,0.45,63.09738404095782
2025-09-24,ILI incidence,2025-10-12,4,BE,quantile,0.5,69.22751843462092
2025-09-24,ILI incidence,2025-10-12,4,BE,quantile,0.55,75.94392554824961
2025-09-24,ILI incidence,2025-10-12,4,BE,quantile,0.6,83.42681267010963
2025-09-24,ILI incidence,2025-10-12,4,BE,quantile,0.65,91.92656845043078
2025-09-24,ILI incidence,2025-10-12,4,BE,quantile,0.7,101.81174834716654
2025-09-24,ILI incidence,2025-10-12,4,BE,quantile,0.75,113.66234424923924
2025-09-24,ILI incidence,2025-10-12,4,BE,quantile,0.8,128.47280189129455
2025-09-24,ILI incidence,2025-10-12,4,BE,quantile,0.85,148.1674701506245
2025-09-24,ILI incidence,2025-10-12,4,BE,quantile,0.9,177.25823537710386
2025-09-24,ILI incidence,2025-10-12,4,BE,quantile,0.95,231.1302389037826
2025-09-24,ILI incidence,2025-10-12,4,BE,quantile,0.975,290.87799241063817
2025-09-24,ILI incidence,2025-10-12,4,BE,quantile,0.99,379.9397515330392
2025-09-24,ILI incidence,2025-10-12,4,BE,median,,69.22751843462092
2025-09-24,ILI incidence,2025-09-21,1,CZ,quantile,0.01,2.1518352314628424
2025-09-24,ILI incidence,2025-09-21,1,CZ,quantile,0.025,2.7522036792479887
2025-09-24,ILI incidence,2025-09-21,1,CZ,quantile,0.05,3.3592550137992916
2025-09-24,ILI incidence,2025-09-21,1,CZ,quantile,0.1,4.182009845701962
2025-09-24,ILI incidence,2025-09-21,1,CZ,quantile,0.15,4.823155308172767
2025-09-24,ILI incidence,2025-09-21,1,CZ,quantile,0.2,5.388831676145171
2025-09-24,ILI incidence,2025-09-21,1,CZ,quantile,0.25,5.917729523819321
2025-09-24,ILI incidence,2025-09-21,1,CZ,quantile,0.3,6.4299087346115416
2025-09-24,ILI incidence,2025-09-21,1,CZ,quantile,0.35,6.938309748708669
2025-09-24,ILI incidence,2025-09-21,1,CZ,quantile,0.4,7.4528627816880455
2025-09-24,ILI incidence,2025-09-21,1,CZ,quantile,0.45,7.982421903548106
2025-09-24,ILI incidence,2025-09-21,1,CZ,quantile,0.5,8.535965767395325
2025-09-24,ILI incidence,2025-09-21,1,CZ,quantile,0.55,9.123621902130411
2025-09-24,ILI incidence,2025-09-21,1,CZ,quantile,0.6,9.757851566445963
2025-09-24,ILI incidence,2025-09-21,1,CZ,quantile,0.65,10.455164385809955
2025-09-24,ILI incidence,2025-09-21,1,CZ,quantile,0.7,11.23899866943519
2025-09-24,ILI incidence,2025-09-21,1,CZ,quantile,0.75,12.145157353120965
2025-09-24,ILI incidence,2025-09-21,1,CZ,quantile,0.8,13.23337594829275
2025-09-24,ILI incidence,2025-09-21,1,CZ,quantile,0.85,14.616042901914236
2025-09-24,ILI incidence,2025-09-21,1,CZ,quantile,0.9,16.548141710374807
2025-09-24,ILI incidence,2025-09-21,1,CZ,quantile,0.95,19.86013385981787
2025-09-24,ILI incidence,2025-09-21,1,CZ,quantile,0.975,23.234996522139895
2025-09-24,ILI incidence,2025-09-21,1,CZ,quantile,0.99,27.851331506542795
2025-09-24,ILI incidence,2025-09-21,1,CZ,median,,8.535965767395325
2025-09-24,ILI incidence,2025-09-28,2,CZ,quantile,0.01,1.680819904498024
2025-09-24,ILI incidence,2025-09-28,2,CZ,quantile,0.025,2.342402499923464
2025-09-24,ILI incidence,2025-09-28,2,CZ,quantile,0.05,3.040586281572474
2025-09-24,ILI incidence,2025-09-28,2,CZ,quantile,0.1,4.028399202007323
2025-09-24,ILI incidence,2025-09-28,2,CZ,quantile,0.15,4.827951417760926
2025-09-24,ILI incidence,2025-09-28,2,CZ,quantile,0.2,5.5531420534922695
2025-09-24,ILI incidence,2025-09-28,2,CZ,quantile,0.25,6.2467975191812535
2025-09-24,ILI incidence,2025-09-28,2,CZ,quantile,0.3,6.9320779707162465
2025-09-24,ILI incidence,2025-09-28,2,CZ,quantile,0.35,7.624808636911032
2025-09-24,ILI incidence,2025-09-28,2,CZ,quantile,0.4,8.33800104581829
2025-09-24,ILI incidence,2025-09-28,2,CZ,quantile,0.45,9.084105328019342
2025-09-24,ILI incidence,2025-09-28,2,CZ,quantile,0.5,9.876559653751109
2025-09-24,ILI incidence,2025-09-28,2,CZ,quantile,0.55,10.73128860255986
2025-09-24,ILI incidence,2025-09-28,2,CZ,quantile,0.6,11.668616047605067
2025-09-24,ILI incidence,2025-09-28,2,CZ,quantile,0.65,12.716194165204731
2025-09-24,ILI incidence,2025-09-28,2,CZ,quantile,0.7,13.914067957771767
2025-09-24,ILI incidence,2025-09-28,2,CZ,quantile,0.75,15.324390130741776
2025-09-24,ILI incidence,2025-09-28,2,CZ,quantile,0.8,17.052340226405253
2025-09-24,ILI incidence,2025-09-28,2,CZ,quantile,0.85,19.298650661548695
2025-09-24,ILI incidence,2025-09-28,2,CZ,quantile,0.9,22.52628443946567
2025-09-24,ILI incidence,2025-09-28,2,CZ,quantile,0.95,28.277818033765076
2025-09-24,ILI incidence,2025-09-28,2,CZ,quantile,0.975,34.39356792137252
2025-09-24,ILI incidence,2025-09-28,2,CZ,quantile,0.99,43.12812278180906
2025-09-24,ILI incidence,2025-09-28,2,CZ,median,,9.876559653751109
2025-09-24,ILI incidence,2025-10-05,3,CZ,quantile,0.01,1.0938761978224116
2025-09-24,ILI incidence,2025-10-05,3,CZ,quantile,0.025,1.7710274998071283
2025-09-24,ILI incidence,2025-10-05,3,CZ,quantile,0.05,2.5261502019609257
2025-09-24,ILI incidence,2025-10-05,3,CZ,quantile,0.1,3.6555077373206792
2025-09-24,ILI incidence,2025-10-05,3,CZ,quantile,0.15,4.615390919490599
2025-09-24,ILI incidence,2025-10-05,3,CZ,quantile,0.2,5.5175507462782045
2025-09-24,ILI incidence,2025-10-05,3,CZ,quantile,0.25,6.406193547706571
2025-09-24,ILI incidence,2025-10-05,3,CZ,quantile,0.3,7.307021302880679
2025-09-24,ILI incidence,2025-10-05,3,CZ,quantile,0.35,8.239299078636613
2025-09-24,ILI incidence,2025-10-05,3,CZ,quantile,0.4,9.220504431860483
2025-09-24,ILI incidence,2025-10-05,3,CZ,quantile,0.45,10.26890093590474
2025-09-24,ILI incidence,2025-10-05,3,CZ,quantile,0.5,11.405618139485535
2025-09-24,ILI incidence,2025-10-05,3,CZ,quantile,0.55,12.65699834421133
2025-09-24,ILI incidence,2025-10-05,3,CZ,quantile,0.6,14.057902713977654
2025-09-24,ILI incidence,2025-10-05,3,CZ,quantile,0.65,15.657038603564995
2025-09-24,ILI incidence,2025-10-05,3,CZ,quantile,0.7,17.526419496404067
2025-09-24,ILI incidence,2025-10-05,3,CZ,quantile,0.75,19.779819003027495
2025-09-24,ILI incidence,2025-10-05,3,CZ,quantile,0.8,22.613066842727008
2025-09-24,ILI incidence,2025-10-05,3,CZ,quantile,0.85,26.40670482771904
2025-09-24,ILI incidence,2025-10-05,3,CZ,quantile,0.9,32.05748161237171
2025-09-24,ILI incidence,2025-10-05,3,CZ,quantile,0.95,42.64515196690926
2025-09-24,ILI incidence,2025-10-05,3,CZ,quantile,0.975,54.53873479546642
2025-09-24,ILI incidence,2025-10-05,3,CZ,quantile,0.99,72.49974252669986
2025-09-24,ILI incidence,2025-10-05,3,CZ,median,,11.405618139485535
2025-09-24,ILI incidence,2025-10-12,4,CZ,quantile,0.01,0.5285726908484891
2025-09-24,ILI incidence,2025-10-12,4,CZ,quantile,0.025,1.1701852662081298
2025-09-24,ILI incidence,2025-10-12,4,CZ,quantile,0.05,1.9336373220209766
2025-09-24,ILI incidence,2025-10-12,4,CZ,quantile,0.1,3.152759880406924
2025-09-24,ILI incidence,2025-10-12,4,CZ,quantile,0.15,4.250115324109066
2025-09-24,ILI incidence,2025-10-12,4,CZ,quantile,0.2,5.32559972627785
2025-09-24,ILI incidence,2025-10-12,4,CZ,quantile,0.25,6.422238366993906
2025-09-24,ILI incidence,2025-10-12,4,CZ,quantile,0.3,7.568169491013215
2025-09-24,ILI incidence,2025-10-12,4,CZ,quantile,0.35,8.787404465228393
2025-09-24,ILI incidence,2025-10-12,4,CZ,quantile,0.4,10.104387763785118
2025-09-24,ILI incidence,2025-10-12,4,CZ,quantile,0.45,11.5470161250819
2025-09-24,ILI incidence,2025-10-12,4,CZ,quantile,0.5,13.149636127785726
2025-09-24,ILI incidence,2025-10-12,4,CZ,quantile,0.55,14.956957459272594
2025-09-24,ILI incidence,2025-10-12,4,CZ,quantile,0.6,17.030008210060323
2025-09-24,ILI incidence,2025-10-12,4,CZ,quantile,0.65,19.4561079763313
2025-09-24,ILI incidence,2025-10-12,4,CZ,quantile,0.7,22.366975029932952
2025-09-24,ILI incidence,2025-10-12,4,CZ,quantile,0.75,25.97463927311559
2025-09-24,ILI incidence,2025-10-12,4,CZ,quantile,0.8,30.65110206341641
2025-09-24,ILI incidence,2025-10-12,4,CZ,quantile,0.85,37.13481993992482
2025-09-24,ILI incidence,2025-10-12,4,CZ,quantile,0.9,47.2118418388112
2025-09-24,ILI incidence,2025-10-12,4,CZ,quantile,0.95,67.24708734303019
2025-09-24,ILI incidence,2025-10-12,4,CZ,quantile,0.975,91.25581136607798
2025-09-24,ILI incidence,2025-10-12,4,CZ,quantile,0.99,129.9798374309592
2025-09-24,ILI incidence,2025-10-12,4,CZ,median,,13.149636127785726
2025-09-24,ILI incidence,2025-09-21,1,DK,quantile,0.01,31.83030903436299
2025-09-24,ILI incidence,2025-09-21,1,DK,quantile,0.025,36.792508174800155
2025-09-24,ILI incidence,2025-09-21,1,DK,quantile,0.05,41.65613760649211
2025-09-24,ILI incidence,2025-09-21,1,DK,quantile,0.1,48.04537664370675
2025-09-24,ILI incidence,2025-09-21,1,DK,quantile,0.15,52.88845958768225
2025-09-24,ILI incidence,2025-09-21,1,DK,quantile,0.2,57.07643655660738
2025-09-24,ILI incidence,2025-09-21,1,DK,quantile,0.25,60.927801652612445
2025-09-24,ILI incidence,2025-09-21,1,DK,quantile,0.3,64.60363232931601
2025-09-24,ILI incidence,2025-09-21,1,DK,quantile,0.35,68.2043250256414
2025-09-24,ILI incidence,2025-09-21,1,DK,quantile,0.4,71.803598545605
2025-09-24,ILI incidence,2025-09-21,1,DK,quantile,0.45,75.46401049343763
2025-09-24,ILI incidence,2025-09-21,1,DK,quantile,0.5,79.24602502242608
2025-09-24,ILI incidence,2025-09-21,1,DK,quantile,0.55,83.21510316219266
2025-09-24,ILI incidence,2025-09-21,1,DK,quantile,0.6,87.44926158239424
2025-09-24,ILI incidence,2025-09-21,1,DK,quantile,0.65,92.04945217678107
2025-09-24,ILI incidence,2025-09-21,1,DK,quantile,0.7,97.15652431522874
2025-09-24,ILI incidence,2025-09-21,1,DK,quantile,0.75,102.98277284283647
2025-09-24,ILI incidence,2025-09-21,1,DK,quantile,0.8,109.87843734391821
2025-09-24,ILI incidence,2025-09-21,1,DK,quantile,0.85,118.49542779975377
2025-09-24,ILI incidence,2025-09-21,1,DK,quantile,0.9,130.2952407049382
2025-09-24,ILI incidence,2025-09-21,1,DK,quantile,0.95,149.961265909827
2025-09-24,ILI incidence,2025-09-21,1,DK,quantile,0.975,169.38891682223968
2025-09-24,ILI incidence,2025-09-21,1,DK,quantile,0.99,195.1426718572702
2025-09-24,ILI incidence,2025-09-21,1,DK,median,,79.24602502242608
2025-09-24,ILI incidence,2025-09-28,2,DK,quantile,0.01,29.70187398243406
2025-09-24,ILI incidence,2025-09-28,2,DK,quantile,0.025,34.69909232161273
2025-09-24,ILI incidence,2025-09-28,2,DK,quantile,0.05,39.6428501258833
2025-09-24,ILI incidence,2025-09-28,2,DK,quantile,0.1,46.19821326748702
2025-09-24,ILI incidence,2025-09-28,2,DK,quantile,0.15,51.20849983656561
2025-09-24,ILI incidence,2025-09-28,2,DK,quantile,0.2,55.567177397488095
2025-09-24,ILI incidence,2025-09-28,2,DK,quantile,0.25,59.59541925011468
2025-09-24,ILI incidence,2025-09-28,2,DK,quantile,0.3,63.45679759791199
2025-09-24,ILI incidence,2025-09-28,2,DK,quantile,0.35,67.25425437730183
2025-09-24,ILI incidence,2025-09-28,2,DK,quantile,0.4,71.06433550936721
2025-09-24,ILI incidence,2025-09-28,2,DK,quantile,0.45,74.95294585647699
2025-09-24,ILI incidence,2025-09-28,2,DK,quantile,0.5,78.98471274497516
2025-09-24,ILI incidence,2025-09-28,2,DK,quantile,0.55,83.23049561481402
2025-09-24,ILI incidence,2025-09-28,2,DK,quantile,0.6,87.77559513560786
2025-09-24,ILI incidence,2025-09-28,2,DK,quantile,0.65,92.73121618956135
2025-09-24,ILI incidence,2025-09-28,2,DK,quantile,0.7,98.25336832283823
2025-09-24,ILI incidence,2025-09-28,2,DK,quantile,0.75,104.5781831707367
2025-09-24,ILI incidence,2025-09-28,2,DK,quantile,0.8,112.096579451749
2025-09-24,ILI incidence,2025-09-28,2,DK,quantile,0.85,121.53855776211172
2025-09-24,ILI incidence,2025-09-28,2,DK,quantile,0.9,134.5465351334224
2025-09-24,ILI incidence,2025-09-28,2,DK,quantile,0.95,156.40909540253728
2025-09-24,ILI incidence,2025-09-28,2,DK,quantile,0.975,178.2077573082445
2025-09-24,ILI incidence,2025-09-28,2,DK,quantile,0.99,207.37667031519067
2025-09-24,ILI incidence,2025-09-28,2,DK,median,,78.98471274497516
2025-09-24,ILI incidence,2025-10-05,3,DK,quantile,0.01,27.25511722937872
2025-09-24,ILI incidence,2025-10-05,3,DK,quantile,0.025,32.26953530162188
2025-09-24,ILI incidence,2025-10-05,3,DK,quantile,0.05,37.28840924933702
2025-09-24,ILI incidence,2025-10-05,3,DK,quantile,0.1,44.021520041414234
2025-09-24,ILI incidence,2025-10-05,3,DK,quantile,0.15,49.221175587110686
2025-09-24,ILI incidence,2025-10-05,3,DK,quantile,0.2,53.778724979307185
2025-09-24,ILI incidence,2025-10-05,3,DK,quantile,0.25,58.01693471676155
2025-09-24,ILI incidence,2025-10-05,3,DK,quantile,0.3,62.1017169488104
2025-09-24,ILI incidence,2025-10-05,3,DK,quantile,0.35,66.13883363983688
2025-09-24,ILI incidence,2025-10-05,3,DK,quantile,0.4,70.20823333521693
2025-09-24,ILI incidence,2025-10-05,3,DK,quantile,0.45,74.38003628174121
2025-09-24,ILI incidence,2025-10-05,3,DK,quantile,0.5,78.72425135117048
2025-09-24,ILI incidence,2025-10-05,3,DK,quantile,0.55,83.31882719913426
2025-09-24,ILI incidence,2025-10-05,3,DK,quantile,0.6,88.25872691692226
2025-09-24,ILI incidence,2025-10-05,3,DK,quantile,0.65,93.66885122849823
2025-09-24,ILI incidence,2025-10-05,3,DK,quantile,0.7,99.72556755723002
2025-09-24,ILI incidence,2025-10-05,3,DK,quantile,0.75,106.69715987467978
2025-09-24,ILI incidence,2025-10-05,3,DK,quantile,0.8,115.02964939227023
2025-09-24,ILI incidence,2025-10-05,3,DK,quantile,0.85,125.55928857101209
2025-09-24,ILI incidence,2025-10-05,3,DK,quantile,0.9,140.1759586894871
2025-09-24,ILI incidence,2025-10-05,3,DK,quantile,0.95,165.00209771354398
2025-09-24,ILI incidence,2025-10-05,3,DK,quantile,0.975,190.04433518176492
2025-09-24,ILI incidence,2025-10-05,3,DK,quantile,0.99,223.94885446434802
2025-09-24,ILI incidence,2025-10-05,3,DK,median,,78.72425135117048
2025-09-24,ILI incidence,2025-10-12,4,DK,quantile,0.01,24.607463011380673
2025-09-24,ILI incidence,2025-10-12,4,DK,quantile,0.025,29.60714712296879
2025-09-24,ILI incidence,2025-10-12,4,DK,quantile,0.05,34.6812072205129
2025-09-24,ILI incidence,2025-10-12,4,DK,quantile,0.1,41.58379036268719
2025-09-24,ILI incidence,2025-10-12,4,DK,quantile,0.15,46.9804296439395
2025-09-24,ILI incidence,2025-10-12,4,DK,quantile,0.2,51.75320871181862
2025-09-24,ILI incidence,2025-10-12,4,DK,quantile,0.25,56.22446320649754
2025-09-24,ILI incidence,2025-10-12,4,DK,quantile,0.3,60.5618575821628
2025-09-24,ILI incidence,2025-10-12,4,DK,quantile,0.35,64.87403691234799
2025-09-24,ILI incidence,2025-10-12,4,DK,quantile,0.4,69.24484131979469
2025-09-24,ILI incidence,2025-10-12,4,DK,quantile,0.45,73.74947737138987
2025-09-24,ILI incidence,2025-10-12,4,DK,quantile,0.5,78.46463812190626
2025-09-24,ILI incidence,2025-10-12,4,DK,quantile,0.55,83.4772289239098
2025-09-24,ILI incidence,2025-10-12,4,DK,quantile,0.6,88.89455443564485
2025-09-24,ILI incidence,2025-10-12,4,DK,quantile,0.65,94.85914280990194
2025-09-24,ILI incidence,2025-10-12,4,DK,quantile,0.7,101.57371950509736
2025-09-24,ILI incidence,2025-10-12,4,DK,quantile,0.75,109.34841321374816
2025-09-24,ILI incidence,2025-10-12,4,DK,quantile,0.8,118.70131990152888
2025-09-24,ILI incidence,2025-10-12,4,DK,quantile,0.85,130.60842365743866
2025-09-24,ILI incidence,2025-10-12,4,DK,quantile,0.9,147.28714536831205
2025-09-24,ILI incidence,2025-10-12,4,DK,quantile,0.95,175.97351641777615
2025-09-24,ILI incidence,2025-10-12,4,DK,quantile,0.975,205.3122278752591
2025-09-24,ILI incidence,2025-10-12,4,DK,quantile,0.99,245.5932962214617
2025-09-24,ILI incidence,2025-10-12,4,DK,median,,78.46463812190626
2025-09-24,ILI incidence,2025-09-21,1,EE,quantile,0.01,58.90164346822269
2025-09-24,ILI incidence,2025-09-21,1,EE,quantile,0.025,69.01393667567928
2025-09-24,ILI incidence,2025-09-21,1,EE,quantile,0.05,79.06626838632721
2025-09-24,ILI incidence,2025-09-21,1,EE,quantile,0.1,92.45994173052587
2025-09-24,ILI incidence,2025-09-21,1,EE,quantile,0.15,102.74060557567437
2025-09-24,ILI incidence,2025-09-21,1,EE,quantile,0.2,111.71203197884347
2025-09-24,ILI incidence,2025-09-21,1,EE,quantile,0.25,120.0245619473948
2025-09-24,ILI incidence,2025-09-21,1,EE,quantile,0.3,128.01065613792974
2025-09-24,ILI incidence,2025-09-21,1,EE,quantile,0.35,135.8806339122764
2025-09-24,ILI incidence,2025-09-21,1,EE,quantile,0.4,143.79193736948883
2025-09-24,ILI incidence,2025-09-21,1,EE,quantile,0.45,151.88115526835037
2025-09-24,ILI incidence,2025-09-21,1,EE,quantile,0.5,160.28322971365066
2025-09-24,ILI incidence,2025-09-21,1,EE,quantile,0.55,169.14706712025546
2025-09-24,ILI incidence,2025-09-21,1,EE,quantile,0.6,178.6528222458029
2025-09-24,ILI incidence,2025-09-21,1,EE,quantile,0.65,189.03623407776507
2025-09-24,ILI incidence,2025-09-21,1,EE,quantile,0.7,200.62892714114702
2025-09-24,ILI incidence,2025-09-21,1,EE,quantile,0.75,213.9338924950858
2025-09-24,ILI incidence,2025-09-21,1,EE,quantile,0.8,229.78530064783874
2025-09-24,ILI incidence,2025-09-21,1,EE,quantile,0.85,249.74347737339332
2025-09-24,ILI incidence,2025-09-21,1,EE,quantile,0.9,277.3254483708936
2025-09-24,ILI incidence,2025-09-21,1,EE,quantile,0.95,323.88438278844876
2025-09-24,ILI incidence,2025-09-21,1,EE,quantile,0.975,370.53003276135
2025-09-24,ILI incidence,2025-09-21,1,EE,quantile,0.99,433.2498582808583
2025-09-24,ILI incidence,2025-09-21,1,EE,median,,160.28322971365066
2025-09-24,ILI incidence,2025-09-28,2,EE,quantile,0.01,53.825691659940645
2025-09-24,ILI incidence,2025-09-28,2,EE,quantile,0.025,64.05081364246404
2025-09-24,ILI incidence,2025-09-28,2,EE,quantile,0.05,74.3577352588502
2025-09-24,ILI incidence,2025-09-28,2,EE,quantile,0.1,88.2836103265497
2025-09-24,ILI incidence,2025-09-28,2,EE,quantile,0.15,99.10572991862246
2025-09-24,ILI incidence,2025-09-28,2,EE,quantile,0.2,108.63487927988221
2025-09-24,ILI incidence,2025-09-28,2,EE,quantile,0.25,117.52978049501687
2025-09-24,ILI incidence,2025-09-28,2,EE,quantile,0.3,126.13104984089412
2025-09-24,ILI incidence,2025-09-28,2,EE,quantile,0.35,134.65760501145908
2025-09-24,ILI incidence,2025-09-28,2,EE,quantile,0.4,143.27666087726237
2025-09-24,ILI incidence,2025-09-28,2,EE,quantile,0.45,152.1365614537749
2025-09-24,ILI incidence,2025-09-28,2,EE,quantile,0.5,161.38702958470313
2025-09-24,ILI incidence,2025-09-28,2,EE,quantile,0.55,171.19628759460582
2025-09-24,ILI incidence,2025-09-28,2,EE,quantile,0.6,181.77070745195644
2025-09-24,ILI incidence,2025-09-28,2,EE,quantile,0.65,193.38311162220356
2025-09-24,ILI incidence,2025-09-28,2,EE,quantile,0.7,206.4201967996412
2025-09-24,ILI incidence,2025-09-28,2,EE,quantile,0.75,221.4719160637597
2025-09-24,ILI incidence,2025-09-28,2,EE,quantile,0.8,239.52151605900508
2025-09-24,ILI incidence,2025-09-28,2,EE,quantile,0.85,262.41696323256923
2025-09-24,ILI incidence,2025-09-28,2,EE,quantile,0.9,294.34589025800074
2025-09-24,ILI incidence,2025-09-28,2,EE,quantile,0.95,348.92489207332363
2025-09-24,ILI incidence,2025-09-28,2,EE,quantile,0.975,404.3684481531169
2025-09-24,ILI incidence,2025-09-28,2,EE,quantile,0.99,479.9706285312698
2025-09-24,ILI incidence,2025-09-28,2,EE,median,,161.38702958470313
2025-09-24,ILI incidence,2025-10-05,3,EE,quantile,0.01,49.53075973288926
2025-09-24,ILI incidence,2025-10-05,3,EE,quantile,0.025,59.79539296809743
2025-09-24,ILI incidence,2025-10-05,3,EE,quantile,0.05,70.27641781548397
2025-09-24,ILI incidence,2025-10-05,3,EE,quantile,0.1,84.62195521541518
2025-09-24,ILI incidence,2025-10-05,3,EE,quantile,0.15,95.89857321483642
2025-09-24,ILI incidence,2025-10-05,3,EE,quantile,0.2,105.91091941969125
2025-09-24,ILI incidence,2025-10-05,3,EE,quantile,0.25,115.32120143665053
2025-09-24,ILI incidence,2025-10-05,3,EE,quantile,0.3,124.47577048780258
2025-09-24,ILI incidence,2025-10-05,3,EE,quantile,0.35,133.6007697252243
2025-09-24,ILI incidence,2025-10-05,3,EE,quantile,0.4,142.87235849613677
2025-09-24,ILI incidence,2025-10-05,3,EE,quantile,0.45,152.45014328979943
2025-09-24,ILI incidence,2025-10-05,3,EE,quantile,0.5,162.49838370772278
2025-09-24,ILI incidence,2025-10-05,3,EE,quantile,0.55,173.20460419221217
2025-09-24,ILI incidence,2025-10-05,3,EE,quantile,0.6,184.80164914552068
2025-09-24,ILI incidence,2025-10-05,3,EE,quantile,0.65,197.60006394917522
2025-09-24,ILI incidence,2025-10-05,3,EE,quantile,0.7,212.04289562132098
2025-09-24,ILI incidence,2025-10-05,3,EE,quantile,0.75,228.80953725444513
2025-09-24,ILI incidence,2025-10-05,3,EE,quantile,0.8,249.0373359441356
2025-09-24,ILI incidence,2025-10-05,3,EE,quantile,0.85,274.8732207105892
2025-09-24,ILI incidence,2025-10-05,3,EE,quantile,0.9,311.20638921154926
2025-09-24,ILI incidence,2025-10-05,3,EE,quantile,0.95,374.0429987129709
2025-09-24,ILI incidence,2025-10-05,3,EE,quantile,0.975,438.6997892433281
2025-09-24,ILI incidence,2025-10-05,3,EE,quantile,0.99,528.0187920455647
2025-09-24,ILI incidence,2025-10-05,3,EE,median,,162.49838370772278
2025-09-24,ILI incidence,2025-10-12,4,EE,quantile,0.01,45.829021310335264
2025-09-24,ILI incidence,2025-10-12,4,EE,quantile,0.025,56.08212468602383
2025-09-24,ILI incidence,2025-10-12,4,EE,quantile,0.05,66.67870110537177
2025-09-24,ILI incidence,2025-10-12,4,EE,quantile,0.1,81.35951919783841
2025-09-24,ILI incidence,2025-10-12,4,EE,quantile,0.15,93.02417378694649
2025-09-24,ILI incidence,2025-10-12,4,EE,quantile,0.2,103.46219498525865
2025-09-24,ILI incidence,2025-10-12,4,EE,quantile,0.25,113.33587274840502
2025-09-24,ILI incidence,2025-10-12,4,EE,quantile,0.3,122.99560854055584
2025-09-24,ILI incidence,2025-10-12,4,EE,quantile,0.35,132.6738320221833
2025-09-24,ILI incidence,2025-10-12,4,EE,quantile,0.4,142.55510965481992
2025-09-24,ILI incidence,2025-10-12,4,EE,quantile,0.45,152.81003551686607
2025-09-24,ILI incidence,2025-10-12,4,EE,quantile,0.5,163.61734378295372
2025-09-24,ILI incidence,2025-10-12,4,EE,quantile,0.55,175.18401675216856
2025-09-24,ILI incidence,2025-10-12,4,EE,quantile,0.6,187.7698037312273
2025-09-24,ILI incidence,2025-10-12,4,EE,quantile,0.65,201.72382009410856
2025-09-24,ILI incidence,2025-10-12,4,EE,quantile,0.7,217.5470130201574
2025-09-24,ILI incidence,2025-10-12,4,EE,quantile,0.75,236.01109041941714
2025-09-24,ILI incidence,2025-10-12,4,EE,quantile,0.8,258.41317696779464
2025-09-24,ILI incidence,2025-10-12,4,EE,quantile,0.85,287.2117309061361
2025-09-24,ILI incidence,2025-10-12,4,EE,quantile,0.9,328.0314239093616
2025-09-24,ILI incidence,2025-10-12,4,EE,quantile,0.95,399.4046979560644
2025-09-24,ILI incidence,2025-10-12,4,EE,quantile,0.975,473.73477946398424
2025-09-24,ILI incidence,2025-10-12,4,EE,quantile,0.99,577.6768357718033
2025-09-24,ILI incidence,2025-10-12,4,EE,median,,163.61734378295372
2025-09-24,ILI incidence,2025-09-21,1,ES,quantile,0.01,1.800337846407468
2025-09-24,ILI incidence,2025-09-21,1,ES,quantile,0.025,2.320145494911041
2025-09-24,ILI incidence,2025-09-21,1,ES,quantile,0.05,2.843751875067957
2025-09-24,ILI incidence,2025-09-21,1,ES,quantile,0.1,3.5507191146381283
2025-09-24,ILI incidence,2025-09-21,1,ES,quantile,0.15,4.099784765992456
2025-09-24,ILI incidence,2025-09-21,1,ES,quantile,0.2,4.58303665501323
2025-09-24,ILI incidence,2025-09-21,1,ES,quantile,0.25,5.033959131796027
2025-09-24,ILI incidence,2025-09-21,1,ES,quantile,0.3,5.469856374110036
2025-09-24,ILI incidence,2025-09-21,1,ES,quantile,0.35,5.901840957141805
2025-09-24,ILI incidence,2025-09-21,1,ES,quantile,0.4,6.338392291758991
2025-09-24,ILI incidence,2025-09-21,1,ES,quantile,0.45,6.787024484769561
2025-09-24,ILI incidence,2025-09-21,1,ES,quantile,0.5,7.255313544239302
2025-09-24,ILI incidence,2025-09-21,1,ES,quantile,0.55,7.751764149065421
2025-09-24,ILI incidence,2025-09-21,1,ES,quantile,0.6,8.28680274972946
2025-09-24,ILI incidence,2025-09-21,1,ES,quantile,0.65,8.874206336670392
2025-09-24,ILI incidence,2025-09-21,1,ES,quantile,0.7,9.533495300825019
2025-09-24,ILI incidence,2025-09-21,1,ES,quantile,0.75,10.294442044624146
2025-09-24,ILI incidence,2025-09-21,1,ES,quantile,0.8,11.206654894967613
2025-09-24,ILI incidence,2025-09-21,1,ES,quantile,0.85,12.363348619760494
2025-09-24,ILI incidence,2025-09-21,1,ES,quantile,0.9,13.975699443739483
2025-09-24,ILI incidence,2025-09-21,1,ES,quantile,0.95,16.730125130019204
2025-09-24,ILI incidence,2025-09-21,1,ES,quantile,0.975,19.52626965238667
2025-09-24,ILI incidence,2025-09-21,1,ES,quantile,0.99,23.336421336136354
2025-09-24,ILI incidence,2025-09-21,1,ES,median,,7.255313544239302
2025-09-24,ILI incidence,2025-09-28,2,ES,quantile,0.01,1.2124057016491014
2025-09-24,ILI incidence,2025-09-28,2,ES,quantile,0.025,1.7327244791263965
2025-09-24,ILI incidence,2025-09-28,2,ES,quantile,0.05,2.277099554080282
2025-09-24,ILI incidence,2025-09-28,2,ES,quantile,0.1,3.0406303307872253
2025-09-24,ILI incidence,2025-09-28,2,ES,quantile,0.15,3.6539214830849644
2025-09-24,ILI incidence,2025-09-28,2,ES,quantile,0.2,4.20707614796923
2025-09-24,ILI incidence,2025-09-28,2,ES,quantile,0.25,4.733745735795825
2025-09-24,ILI incidence,2025-09-28,2,ES,quantile,0.3,5.25195848657211
2025-09-24,ILI incidence,2025-09-28,2,ES,quantile,0.35,5.773878202859818
2025-09-24,ILI incidence,2025-09-28,2,ES,quantile,0.4,6.3093606383793635
2025-09-24,ILI incidence,2025-09-28,2,ES,quantile,0.45,6.867702215365965
2025-09-24,ILI incidence,2025-09-28,2,ES,quantile,0.5,7.458816209582714
2025-09-24,ILI incidence,2025-09-28,2,ES,quantile,0.55,8.09434161447493
2025-09-24,ILI incidence,2025-09-28,2,ES,quantile,0.6,8.789032886378934
2025-09-24,ILI incidence,2025-09-28,2,ES,quantile,0.65,9.562866577272
2025-09-24,ILI incidence,2025-09-28,2,ES,quantile,0.7,10.444665191104038
2025-09-24,ILI incidence,2025-09-28,2,ES,quantile,0.75,11.479027666120984
2025-09-24,ILI incidence,2025-09-28,2,ES,quantile,0.8,12.741218609872751
2025-09-24,ILI incidence,2025-09-28,2,ES,quantile,0.85,14.374469020923328
2025-09-24,ILI incidence,2025-09-28,2,ES,quantile,0.9,16.70802221681069
2025-09-24,ILI incidence,2025-09-28,2,ES,quantile,0.95,20.833810809443104
2025-09-24,ILI incidence,2025-09-28,2,ES,quantile,0.975,25.183236624854707
2025-09-24,ILI incidence,2025-09-28,2,ES,quantile,0.99,31.341071808920752
2025-09-24,ILI incidence,2025-09-28,2,ES,median,,7.458816209582714
2025-09-24,ILI incidence,2025-10-05,3,ES,quantile,0.01,0.6203621095438481
2025-09-24,ILI incidence,2025-10-05,3,ES,quantile,0.025,1.1101347115290636
2025-09-24,ILI incidence,2025-10-05,3,ES,quantile,0.05,1.648237173445057
2025-09-24,ILI incidence,2025-10-05,3,ES,quantile,0.1,2.4410437952725355
2025-09-24,ILI incidence,2025-10-05,3,ES,quantile,0.15,3.106062284453661
2025-09-24,ILI incidence,2025-10-05,3,ES,quantile,0.2,3.725114564278459
2025-09-24,ILI incidence,2025-10-05,3,ES,quantile,0.25,4.330078378662676
2025-09-24,ILI incidence,2025-10-05,3,ES,quantile,0.3,4.9390871373085075
2025-09-24,ILI incidence,2025-10-05,3,ES,quantile,0.35,5.565371762284277
2025-09-24,ILI incidence,2025-10-05,3,ES,quantile,0.4,6.220614679785434
2025-09-24,ILI incidence,2025-10-05,3,ES,quantile,0.45,6.916746935145548
2025-09-24,ILI incidence,2025-10-05,3,ES,quantile,0.5,7.667335442083516
2025-09-24,ILI incidence,2025-10-05,3,ES,quantile,0.55,8.489087409387546
2025-09-24,ILI incidence,2025-10-05,3,ES,quantile,0.6,9.403920856753073
2025-09-24,ILI incidence,2025-10-05,3,ES,quantile,0.65,10.44226197473695
2025-09-24,ILI incidence,2025-10-05,3,ES,quantile,0.7,11.648863693830464
2025-09-24,ILI incidence,2025-10-05,3,ES,quantile,0.75,13.094108628182214
2025-09-24,ILI incidence,2025-10-05,3,ES,quantile,0.8,14.89859941884151
2025-09-24,ILI incidence,2025-10-05,3,ES,quantile,0.85,17.295558727890246
2025-09-24,ILI incidence,2025-10-05,3,ES,quantile,0.9,20.831370983654473
2025-09-24,ILI incidence,2025-10-05,3,ES,quantile,0.95,27.367060329370297
2025-09-24,ILI incidence,2025-10-05,3,ES,quantile,0.975,34.60090417694755
2025-09-24,ILI incidence,2025-10-05,3,ES,quantile,0.99,45.36167633341231
2025-09-24,ILI incidence,2025-10-05,3,ES,median,,7.667335442083516
2025-09-24,ILI incidence,2025-10-12,4,ES,quantile,0.01,0.1166233207397056
2025-09-24,ILI incidence,2025-10-12,4,ES,quantile,0.025,0.5478823194011504
2025-09-24,ILI incidence,2025-10-12,4,ES,quantile,0.05,1.0498431708995013
2025-09-24,ILI incidence,2025-10-12,4,ES,quantile,0.1,1.8337326325338403
2025-09-24,ILI incidence,2025-10-12,4,ES,quantile,0.15,2.525711900989272
2025-09-24,ILI incidence,2025-10-12,4,ES,quantile,0.2,3.1943122262699966
2025-09-24,ILI incidence,2025-10-12,4,ES,quantile,0.25,3.8680967108743323
2025-09-24,ILI incidence,2025-10-12,4,ES,quantile,0.3,4.564938858174343
2025-09-24,ILI incidence,2025-10-12,4,ES,quantile,0.35,5.299409157104189
2025-09-24,ILI incidence,2025-10-12,4,ES,quantile,0.4,6.085788127175731
2025-09-24,ILI incidence,2025-10-12,4,ES,quantile,0.45,6.939930980305969
2025-09-24,ILI incidence,2025-10-12,4,ES,quantile,0.5,7.8809949057047834
2025-09-24,ILI incidence,2025-10-12,4,ES,quantile,0.55,8.933596489791517
2025-09-24,ILI incidence,2025-10-12,4,ES,quantile,0.6,10.131022985666283
2025-09-24,ILI incidence,2025-10-12,4,ES,quantile,0.65,11.520550506900474
2025-09-24,ILI incidence,2025-10-12,4,ES,quantile,0.7,13.173034515787911
2025-09-24,ILI incidence,2025-10-12,4,ES,quantile,0.75,15.20182901029272
2025-09-24,ILI incidence,2025-10-12,4,ES,quantile,0.8,17.80453010177911
2025-09-24,ILI incidence,2025-10-12,4,ES,quantile,0.85,21.370537562364024
2025-09-24,ILI incidence,2025-10-12,4,ES,quantile,0.9,26.83327883852939
2025-09-24,ILI incidence,2025-10-12,4,ES,quantile,0.95,37.47712431607341
2025-09-24,ILI incidence,2025-10-12,4,ES,quantile,0.975,49.95482358482432
2025-09-24,ILI incidence,2025-10-12,4,ES,quantile,0.99,69.63444677378368
2025-09-24,ILI incidence,2025-10-12,4,ES,median,,7.8809949057047834
2025-09-24,ILI incidence,2025-09-21,1,FI,quantile,0.01,0
2025-09-24,ILI incidence,2025-09-21,1,FI,quantile,0.025,0.2731683754674188
2025-09-24,ILI incidence,2025-09-21,1,FI,quantile,0.05,0.6563894576297469
2025-09-24,ILI incidence,2025-09-21,1,FI,quantile,0.1,1.2434483544436126
2025-09-24,ILI incidence,2025-09-21,1,FI,quantile,0.15,1.7530215895497756
2025-09-24,ILI incidence,2025-09-21,1,FI,quantile,0.2,2.239361270913559
2025-09-24,ILI incidence,2025-09-21,1,FI,quantile,0.25,2.724522447028987
2025-09-24,ILI incidence,2025-09-21,1,FI,quantile,0.3,3.2218357809298404
2025-09-24,ILI incidence,2025-09-21,1,FI,quantile,0.35,3.7417595655559053
2025-09-24,ILI incidence,2025-09-21,1,FI,quantile,0.4,4.294201191667048
2025-09-24,ILI incidence,2025-09-21,1,FI,quantile,0.45,4.889879750150124
2025-09-24,ILI incidence,2025-09-21,1,FI,quantile,0.5,5.541513634901722
2025-09-24,ILI incidence,2025-09-21,1,FI,quantile,0.55,6.265241813216043
2025-09-24,ILI incidence,2025-09-21,1,FI,quantile,0.6,7.082692569930634
2025-09-24,ILI incidence,2025-09-21,1,FI,quantile,0.65,8.024371658664743
2025-09-24,ILI incidence,2025-09-21,1,FI,quantile,0.7,9.135733092436991
2025-09-24,ILI incidence,2025-09-21,1,FI,quantile,0.75,10.489097258559793
2025-09-24,ILI incidence,2025-09-21,1,FI,quantile,0.8,12.209826585207397
2025-09-24,ILI incidence,2025-09-21,1,FI,quantile,0.85,14.543430824530224
2025-09-24,ILI incidence,2025-09-21,1,FI,quantile,0.9,18.073940592770033
2025-09-24,ILI incidence,2025-09-21,1,FI,quantile,0.95,24.834142108606844
2025-09-24,ILI incidence,2025-09-21,1,FI,quantile,0.975,32.610166149387034
2025-09-24,ILI incidence,2025-09-21,1,FI,quantile,0.99,44.639609611769174
2025-09-24,ILI incidence,2025-09-21,1,FI,median,,5.541513634901722
2025-09-24,ILI incidence,2025-09-28,2,FI,quantile,0.01,0
2025-09-24,ILI incidence,2025-09-28,2,FI,quantile,0.025,0
2025-09-24,ILI incidence,2025-09-28,2,FI,quantile,0.05,0.17264674173523975
2025-09-24,ILI incidence,2025-09-28,2,FI,quantile,0.1,0.724129512275471
2025-09-24,ILI incidence,2025-09-28,2,FI,quantile,0.15,1.2362259475376525
2025-09-24,ILI incidence,2025-09-28,2,FI,quantile,0.2,1.7496753544610821
2025-09-24,ILI incidence,2025-09-28,2,FI,quantile,0.25,2.283162902966712
2025-09-24,ILI incidence,2025-09-28,2,FI,quantile,0.3,2.8499110886015053
2025-09-24,ILI incidence,2025-09-28,2,FI,quantile,0.35,3.46206756070357
2025-09-24,ILI incidence,2025-09-28,2,FI,quantile,0.4,4.132712741106706
2025-09-24,ILI incidence,2025-09-28,2,FI,quantile,0.45,4.877357777031763
2025-09-24,ILI incidence,2025-09-28,2,FI,quantile,0.5,5.715594872799762
2025-09-24,ILI incidence,2025-09-28,2,FI,quantile,0.55,6.673382531146652
2025-09-24,ILI incidence,2025-09-28,2,FI,quantile,0.6,7.786623520616168
2025-09-24,ILI incidence,2025-09-28,2,FI,quantile,0.65,9.107245997965864
2025-09-24,ILI incidence,2025-09-28,2,FI,quantile,0.7,10.71435221688637
2025-09-24,ILI incidence,2025-09-28,2,FI,quantile,0.75,12.736514400434467
2025-09-24,ILI incidence,2025-09-28,2,FI,quantile,0.8,15.40165062482934
2025-09-24,ILI incidence,2025-09-28,2,FI,quantile,0.85,19.167557104519798
2025-09-24,ILI incidence,2025-09-28,2,FI,quantile,0.9,25.157672132213225
2025-09-24,ILI incidence,2025-09-28,2,FI,quantile,0.95,37.459335527456645
2025-09-24,ILI incidence,2025-09-28,2,FI,quantile,0.975,52.72774831573465
2025-09-24,ILI incidence,2025-09-28,2,FI,quantile,0.99,78.25403319895813
2025-09-24,ILI incidence,2025-09-28,2,FI,median,,5.715594872799762
2025-09-24,ILI incidence,2025-10-05,3,FI,quantile,0.01,0
2025-09-24,ILI incidence,2025-10-05,3,FI,quantile,0.025,0
2025-09-24,ILI incidence,2025-10-05,3,FI,quantile,0.05,0
2025-09-24,ILI incidence,2025-10-05,3,FI,quantile,0.1,0.27921253996881035
2025-09-24,ILI incidence,2025-10-05,3,FI,quantile,0.15,0.765482856554774
2025-09-24,ILI incidence,2025-10-05,3,FI,quantile,0.2,1.2806997680243821
2025-09-24,ILI incidence,2025-10-05,3,FI,quantile,0.25,1.841003541011597
2025-09-24,ILI incidence,2025-10-05,3,FI,quantile,0.3,2.460566563585877
2025-09-24,ILI incidence,2025-10-05,3,FI,quantile,0.35,3.154686544006972
2025-09-24,ILI incidence,2025-10-05,3,FI,quantile,0.4,3.941657162402385
2025-09-24,ILI incidence,2025-10-05,3,FI,quantile,0.45,4.844662880625674
2025-09-24,ILI incidence,2025-10-05,3,FI,quantile,0.5,5.894308720072248
2025-09-24,ILI incidence,2025-10-05,3,FI,quantile,0.55,7.132460964553692
2025-09-24,ILI incidence,2025-10-05,3,FI,quantile,0.6,8.618533047840339
2025-09-24,ILI incidence,2025-10-05,3,FI,quantile,0.65,10.440452179533786
2025-09-24,ILI incidence,2025-10-05,3,FI,quantile,0.7,12.735176553983575
2025-09-24,ILI incidence,2025-10-05,3,FI,quantile,0.75,15.730529209667825
2025-09-24,ILI incidence,2025-10-05,3,FI,quantile,0.8,19.84074957785329
2025-09-24,ILI incidence,2025-10-05,3,FI,quantile,0.85,25.922658892547364
2025-09-24,ILI incidence,2025-10-05,3,FI,quantile,0.9,36.15683769705945
2025-09-24,ILI incidence,2025-10-05,3,FI,quantile,0.95,58.89939607619335
2025-09-24,ILI incidence,2025-10-05,3,FI,quantile,0.975,89.63519511771754
2025-09-24,ILI incidence,2025-10-05,3,FI,quantile,0.99,145.70326248867445
2025-09-24,ILI incidence,2025-10-05,3,FI,median,,5.894308720072248
2025-09-24,ILI incidence,2025-10-12,4,FI,quantile,0.01,0
2025-09-24,ILI incidence,2025-10-12,4,FI,quantile,0.025,0
2025-09-24,ILI incidence,2025-10-12,4,FI,quantile,0.05,0
2025-09-24,ILI incidence,2025-10-12,4,FI,quantile,0.1,0
2025-09-24,ILI incidence,2025-10-12,4,FI,quantile,0.15,0.3601656676478291
2025-09-24,ILI incidence,2025-10-12,4,FI,quantile,0.2,0.8545194143005377
2025-09-24,ILI incidence,2025-10-12,4,FI,quantile,0.25,1.4195809222526692
2025-09-24,ILI incidence,2025-10-12,4,FI,quantile,0.3,2.0723493343915136
2025-09-24,ILI incidence,2025-10-12,4,FI,quantile,0.35,2.8334721197375328
2025-09-24,ILI incidence,2025-10-12,4,FI,quantile,0.4,3.729360461742325
2025-09-24,ILI incidence,2025-10-12,4,FI,quantile,0.45,4.794944094865478
2025-09-24,ILI incidence,2025-10-12,4,FI,quantile,0.5,6.077778458641317
2025-09-24,ILI incidence,2025-10-12,4,FI,quantile,0.55,7.644595545622769
2025-09-24,ILI incidence,2025-10-12,4,FI,quantile,0.6,9.592330255823175
2025-09-24,ILI incidence,2025-10-12,4,FI,quantile,0.65,12.06777416005753
2025-09-24,ILI incidence,2025-10-12,4,FI,quantile,0.7,15.305095045296504
2025-09-24,ILI incidence,2025-10-12,4,FI,quantile,0.75,19.703977060195985
2025-09-24,ILI incidence,2025-10-12,4,FI,quantile,0.8,26.012361004859695
2025-09-24,ILI incidence,2025-10-12,4,FI,quantile,0.85,35.83003409153656
2025-09-24,ILI incidence,2025-10-12,4,FI,quantile,0.9,53.40132167814779
2025-09-24,ILI incidence,2025-10-12,4,FI,quantile,0.95,95.98322768397952
2025-09-24,ILI incidence,2025-10-12,4,FI,quantile,0.975,159.13170177877313
2025-09-24,ILI incidence,2025-10-12,4,FI,quantile,0.99,285.8761412685833
2025-09-24,ILI incidence,2025-10-12,4,FI,median,,6.077778458641317
2025-09-24,ILI incidence,2025-09-21,1,GR,quantile,0.01,115.28926037089367
2025-09-24,ILI incidence,2025-09-21,1,GR,quantile,0.025,134.08798821536075
2025-09-24,ILI incidence,2025-09-21,1,GR,quantile,0.05,152.66913701598568
2025-09-24,ILI incidence,2025-09-21,1,GR,quantile,0.1,177.28564789689145
2025-09-24,ILI incidence,2025-09-21,1,GR,quantile,0.15,196.08532458564017
2025-09-24,ILI incidence,2025-09-21,1,GR,quantile,0.2,212.43067226894942
2025-09-24,ILI incidence,2025-09-21,1,GR,quantile,0.25,227.52974509080624
2025-09-24,ILI incidence,2025-09-21,1,GR,quantile,0.3,241.99738135016267
2025-09-24,ILI incidence,2025-09-21,1,GR,quantile,0.35,256.2201567857155
2025-09-24,ILI incidence,2025-09-21,1,GR,quantile,0.4,270.48517206528174
2025-09-24,ILI incidence,2025-09-21,1,GR,quantile,0.45,285.0392726919146
2025-09-24,ILI incidence,2025-09-21,1,GR,quantile,0.5,300.12418677423716
2025-09-24,ILI incidence,2025-09-21,1,GR,quantile,0.55,316.00463718529363
2025-09-24,ILI incidence,2025-09-21,1,GR,quantile,0.6,332.9989995425666
2025-09-24,ILI incidence,2025-09-21,1,GR,quantile,0.65,351.52204568083545
2025-09-24,ILI incidence,2025-09-21,1,GR,quantile,0.7,372.15536223734273
2025-09-24,ILI incidence,2025-09-21,1,GR,quantile,0.75,395.7788780599027
2025-09-24,ILI incidence,2025-09-21,1,GR,quantile,0.8,423.84885090078717
2025-09-24,ILI incidence,2025-09-21,1,GR,quantile,0.85,459.08385480291815
2025-09-24,ILI incidence,2025-09-21,1,GR,quantile,0.9,507.5982911697216
2025-09-24,ILI incidence,2025-09-21,1,GR,quantile,0.95,589.0714848877748
2025-09-24,ILI incidence,2025-09-21,1,GR,quantile,0.975,670.2349266456467
2025-09-24,ILI incidence,2025-09-21,1,GR,quantile,0.99,778.7433363256744
2025-09-24,ILI incidence,2025-09-21,1,GR,median,,300.12418677423716
2025-09-24,ILI incidence,2025-09-28,2,GR,quantile,0.01,106.192969491065
2025-09-24,ILI incidence,2025-09-28,2,GR,quantile,0.025,125.01920924142827
2025-09-24,ILI incidence,2025-09-28,2,GR,quantile,0.05,143.83489611212246
2025-09-24,ILI incidence,2025-09-28,2,GR,quantile,0.1,169.0405818149864
2025-09-24,ILI incidence,2025-09-28,2,GR,quantile,0.15,188.48067471150736
2025-09-24,ILI incidence,2025-09-28,2,GR,quantile,0.2,205.50417679234846
2025-09-24,ILI incidence,2025-09-28,2,GR,quantile,0.25,221.3226726325573
2025-09-24,ILI incidence,2025-09-28,2,GR,quantile,0.3,236.55821781160486
2025-09-24,ILI incidence,2025-09-28,2,GR,quantile,0.35,251.60669632054092
2025-09-24,ILI incidence,2025-09-28,2,GR,quantile,0.4,266.76674309932713
2025-09-24,ILI incidence,2025-09-28,2,GR,quantile,0.45,282.2996732139481
2025-09-24,ILI incidence,2025-09-28,2,GR,quantile,0.5,298.46580583875453
2025-09-24,ILI incidence,2025-09-28,2,GR,quantile,0.55,315.55443809470415
2025-09-24,ILI incidence,2025-09-28,2,GR,quantile,0.6,333.9175025570231
2025-09-24,ILI incidence,2025-09-28,2,GR,quantile,0.65,354.01738541743583
2025-09-24,ILI incidence,2025-09-28,2,GR,quantile,0.7,376.5064895367039
2025-09-24,ILI incidence,2025-09-28,2,GR,quantile,0.75,402.3766228371702
2025-09-24,ILI incidence,2025-09-28,2,GR,quantile,0.8,433.2758110739463
2025-09-24,ILI incidence,2025-09-28,2,GR,quantile,0.85,472.2924294427181
2025-09-24,ILI incidence,2025-09-28,2,GR,quantile,0.9,526.4021525298662
2025-09-24,ILI incidence,2025-09-28,2,GR,quantile,0.95,618.1861994172314
2025-09-24,ILI incidence,2025-09-28,2,GR,quantile,0.975,710.6357054331745
2025-09-24,ILI incidence,2025-09-28,2,GR,quantile,0.99,835.6198762142683
2025-09-24,ILI incidence,2025-09-28,2,GR,median,,298.46580583875453
2025-09-24,ILI incidence,2025-10-05,3,GR,quantile,0.01,98.15150282548714
2025-09-24,ILI incidence,2025-10-05,3,GR,quantile,0.025,116.90326694507182
2025-09-24,ILI incidence,2025-10-05,3,GR,quantile,0.05,135.8437010875401
2025-09-24,ILI incidence,2025-10-05,3,GR,quantile,0.1,161.4869862181514
2025-09-24,ILI incidence,2025-10-05,3,GR,quantile,0.15,181.45116772750052
2025-09-24,ILI incidence,2025-10-05,3,GR,quantile,0.2,199.0533355656638
2025-09-24,ILI incidence,2025-10-05,3,GR,quantile,0.25,215.5017971578372
2025-09-24,ILI incidence,2025-10-05,3,GR,quantile,0.3,231.42244891554805
2025-09-24,ILI incidence,2025-10-05,3,GR,quantile,0.35,247.21853885131253
2025-09-24,ILI incidence,2025-10-05,3,GR,quantile,0.4,263.19901919843403
2025-09-24,ILI incidence,2025-10-05,3,GR,quantile,0.45,279.6388866732552
2025-09-24,ILI incidence,2025-10-05,3,GR,quantile,0.5,296.8165590502214
2025-09-24,ILI incidence,2025-10-05,3,GR,quantile,0.55,315.04566243800804
2025-09-24,ILI incidence,2025-10-05,3,GR,quantile,0.6,334.7117036755438
2025-09-24,ILI incidence,2025-10-05,3,GR,quantile,0.65,356.32505418398193
2025-09-24,ILI incidence,2025-10-05,3,GR,quantile,0.7,380.6098800195574
2025-09-24,ILI incidence,2025-10-05,3,GR,quantile,0.75,408.6719011521763
2025-09-24,ILI incidence,2025-10-05,3,GR,quantile,0.8,442.35528119900613
2025-09-24,ILI incidence,2025-10-05,3,GR,quantile,0.85,485.1284471304882
2025-09-24,ILI incidence,2025-10-05,3,GR,quantile,0.9,544.8572708428136
2025-09-24,ILI incidence,2025-10-05,3,GR,quantile,0.95,647.1460391646025
2025-09-24,ILI incidence,2025-10-05,3,GR,quantile,0.975,751.266711030447
2025-09-24,ILI incidence,2025-10-05,3,GR,quantile,0.99,893.5371508954559
2025-09-24,ILI incidence,2025-10-05,3,GR,median,,296.8165590502214
2025-09-24,ILI incidence,2025-10-12,4,GR,quantile,0.01,90.97068501294623
2025-09-24,ILI incidence,2025-10-12,4,GR,quantile,0.025,109.5707767711055
2025-09-24,ILI incidence,2025-10-12,4,GR,quantile,0.05,128.54986995168773
2025-09-24,ILI incidence,2025-10-12,4,GR,quantile,0.1,154.50883903697482
2025-09-24,ILI incidence,2025-10-12,4,GR,quantile,0.15,174.90193751403245
2025-09-24,ILI incidence,2025-10-12,4,GR,quantile,0.2,193.0006035341312
2025-09-24,ILI incidence,2025-10-12,4,GR,quantile,0.25,210.00470664737466
2025-09-24,ILI incidence,2025-10-12,4,GR,quantile,0.3,226.5414115447336
2025-09-24,ILI incidence,2025-10-12,4,GR,quantile,0.35,243.01985575692282
2025-09-24,ILI incidence,2025-10-12,4,GR,quantile,0.4,259.75840401512136
2025-09-24,ILI incidence,2025-10-12,4,GR,quantile,0.45,277.04517854465917
2025-09-24,ILI incidence,2025-10-12,4,GR,quantile,0.5,295.1763950383825
2025-09-24,ILI incidence,2025-10-12,4,GR,quantile,0.55,314.48994101274263
2025-09-24,ILI incidence,2025-10-12,4,GR,quantile,0.6,335.4050999976403
2025-09-24,ILI incidence,2025-10-12,4,GR,quantile,0.65,358.48081645173
2025-09-24,ILI incidence,2025-10-12,4,GR,quantile,0.7,384.51425159233736
2025-09-24,ILI incidence,2025-10-12,4,GR,quantile,0.75,414.72748955087553
2025-09-24,ILI incidence,2025-10-12,4,GR,quantile,0.8,451.1658973215465
2025-09-24,ILI incidence,2025-10-12,4,GR,quantile,0.85,497.6895438313989
2025-09-24,ILI incidence,2025-10-12,4,GR,quantile,0.9,563.0866301951813
2025-09-24,ILI incidence,2025-10-12,4,GR,quantile,0.95,676.1172908984394
2025-09-24,ILI incidence,2025-10-12,4,GR,quantile,0.975,792.342142829688
2025-09-24,ILI incidence,2025-10-12,4,GR,quantile,0.99,952.7871438663749
2025-09-24,ILI incidence,2025-10-12,4,GR,median,,295.1763950383825
2025-09-24,ILI incidence,2025-09-21,1,HR,quantile,0.01,0
2025-09-24,ILI incidence,2025-09-21,1,HR,quantile,0.025,0
2025-09-24,ILI incidence,2025-09-21,1,HR,quantile,0.05,0
2025-09-24,ILI incidence,2025-09-21,1,HR,quantile,0.1,0.03774594692078481
2025-09-24,ILI incidence,2025-09-21,1,HR,quantile,0.15,0.17887093846972157
2025-09-24,ILI incidence,2025-09-21,1,HR,quantile,0.2,0.30459805784367666
2025-09-24,ILI incidence,2025-09-21,1,HR,quantile,0.25,0.4230946591562339
2025-09-24,ILI incidence,2025-09-21,1,HR,quantile,0.3,0.5386533848216832
2025-09-24,ILI incidence,2025-09-21,1,HR,quantile,0.35,0.6540959277306229
2025-09-24,ILI incidence,2025-09-21,1,HR,quantile,0.4,0.7716384656673423
2025-09-24,ILI incidence,2025-09-21,1,HR,quantile,0.45,0.8933063281545663
2025-09-24,ILI incidence,2025-09-21,1,HR,quantile,0.5,1.0212002013973005
2025-09-24,ILI incidence,2025-09-21,1,HR,quantile,0.55,1.1577333754070542
2025-09-24,ILI incidence,2025-09-21,1,HR,quantile,0.6,1.3059164345868126
2025-09-24,ILI incidence,2025-09-21,1,HR,quantile,0.65,1.4697783155378104
2025-09-24,ILI incidence,2025-09-21,1,HR,quantile,0.7,1.6550815761549407
2025-09-24,ILI incidence,2025-09-21,1,HR,quantile,0.75,1.8706806169525447
2025-09-24,ILI incidence,2025-09-21,1,HR,quantile,0.8,2.1314244487538576
2025-09-24,ILI incidence,2025-09-21,1,HR,quantile,0.85,2.4653922841049125
2025-09-24,ILI incidence,2025-09-21,1,HR,quantile,0.9,2.936657393122377
2025-09-24,ILI incidence,2025-09-21,1,HR,quantile,0.95,3.7555640057711157
2025-09-24,ILI incidence,2025-09-21,1,HR,quantile,0.975,4.602596467683814
2025-09-24,ILI incidence,2025-09-21,1,HR,quantile,0.99,5.778911708437837
2025-09-24,ILI incidence,2025-09-21,1,HR,median,,1.0212002013973005
2025-09-24,ILI incidence,2025-09-28,2,HR,quantile,0.01,0
2025-09-24,ILI incidence,2025-09-28,2,HR,quantile,0.025,0
2025-09-24,ILI incidence,2025-09-28,2,HR,quantile,0.05,0
2025-09-24,ILI incidence,2025-09-28,2,HR,quantile,0.1,0
2025-09-24,ILI incidence,2025-09-28,2,HR,quantile,0.15,0.056728432251049066
2025-09-24,ILI incidence,2025-09-28,2,HR,quantile,0.2,0.2129310470244956
2025-09-24,ILI incidence,2025-09-28,2,HR,quantile,0.25,0.365216647093763
2025-09-24,ILI incidence,2025-09-28,2,HR,quantile,0.3,0.5182012625570787
2025-09-24,ILI incidence,2025-09-28,2,HR,quantile,0.35,0.6752267696741461
2025-09-24,ILI incidence,2025-09-28,2,HR,quantile,0.4,0.8392201797086627
2025-09-24,ILI incidence,2025-09-28,2,HR,quantile,0.45,1.0131498722670282
2025-09-24,ILI incidence,2025-09-28,2,HR,quantile,0.5,1.200373060755234
2025-09-24,ILI incidence,2025-09-28,2,HR,quantile,0.55,1.4050080290570404
2025-09-24,ILI incidence,2025-09-28,2,HR,quantile,0.6,1.6324426297151047
2025-09-24,ILI incidence,2025-09-28,2,HR,quantile,0.65,1.8901410209909213
2025-09-24,ILI incidence,2025-09-28,2,HR,quantile,0.7,2.1890644052967456
2025-09-24,ILI incidence,2025-09-28,2,HR,quantile,0.75,2.5464273137923694
2025-09-24,ILI incidence,2025-09-28,2,HR,quantile,0.8,2.9916874239262334
2025-09-24,ILI incidence,2025-09-28,2,HR,quantile,0.85,3.5817273944107537
2025-09-24,ILI incidence,2025-09-28,2,HR,quantile,0.9,4.449577071784995
2025-09-24,ILI incidence,2025-09-28,2,HR,quantile,0.95,6.0472304457360195
2025-09-24,ILI incidence,2025-09-28,2,HR,quantile,0.975,7.807712275115332
2025-09-24,ILI incidence,2025-09-28,2,HR,quantile,0.99,10.414738028050094
2025-09-24,ILI incidence,2025-09-28,2,HR,median,,1.200373060755234
2025-09-24,ILI incidence,2025-10-05,3,HR,quantile,0.01,0
2025-09-24,ILI incidence,2025-10-05,3,HR,quantile,0.025,0
2025-09-24,ILI incidence,2025-10-05,3,HR,quantile,0.05,0
2025-09-24,ILI incidence,2025-10-05,3,HR,quantile,0.1,0
2025-09-24,ILI incidence,2025-10-05,3,HR,quantile,0.15,0
2025-09-24,ILI incidence,2025-10-05,3,HR,quantile,0.2,0.07811468808046129
2025-09-24,ILI incidence,2025-10-05,3,HR,quantile,0.25,0.2633313239935433
2025-09-24,ILI incidence,2025-10-05,3,HR,quantile,0.3,0.4566283536457454
2025-09-24,ILI incidence,2025-10-05,3,HR,quantile,0.35,0.6620529445162138
2025-09-24,ILI incidence,2025-10-05,3,HR,quantile,0.4,0.8837065372394219
2025-09-24,ILI incidence,2025-10-05,3,HR,quantile,0.45,1.1262547280818471
2025-09-24,ILI incidence,2025-10-05,3,HR,quantile,0.5,1.3954292821599137
2025-09-24,ILI incidence,2025-10-05,3,HR,quantile,0.55,1.6986801581415603
2025-09-24,ILI incidence,2025-10-05,3,HR,quantile,0.6,2.046165277017267
2025-09-24,ILI incidence,2025-10-05,3,HR,quantile,0.65,2.452405932531463
2025-09-24,ILI incidence,2025-10-05,3,HR,quantile,0.7,2.9392899578451246
2025-09-24,ILI incidence,2025-10-05,3,HR,quantile,0.75,3.5420241997090613
2025-09-24,ILI incidence,2025-10-05,3,HR,quantile,0.8,4.322329348879921
2025-09-24,ILI incidence,2025-10-05,3,HR,quantile,0.85,5.402616832741858
2025-09-24,ILI incidence,2025-10-05,3,HR,quantile,0.9,7.078627662114711
2025-09-24,ILI incidence,2025-10-05,3,HR,quantile,0.95,10.402636576611545
2025-09-24,ILI incidence,2025-10-05,3,HR,quantile,0.975,14.375161409225681
2025-09-24,ILI incidence,2025-10-05,3,HR,quantile,0.99,20.764915186563247
2025-09-24,ILI incidence,2025-10-05,3,HR,median,,1.3954292821599137
2025-09-24,ILI incidence,2025-10-12,4,HR,quantile,0.01,0
2025-09-24,ILI incidence,2025-10-12,4,HR,quantile,0.025,0
2025-09-24,ILI incidence,2025-10-12,4,HR,quantile,0.05,0
2025-09-24,ILI incidence,2025-10-12,4,HR,quantile,0.1,0
2025-09-24,ILI incidence,2025-10-12,4,HR,quantile,0.15,0
2025-09-24,ILI incidence,2025-10-12,4,HR,quantile,0.2,0
2025-09-24,ILI incidence,2025-10-12,4,HR,quantile,0.25,0.1372709063674058
2025-09-24,ILI incidence,2025-10-12,4,HR,quantile,0.3,0.3679257509469045
2025-09-24,ILI incidence,2025-10-12,4,HR,quantile,0.35,0.6232240784637622
2025-09-24,ILI incidence,2025-10-12,4,HR,quantile,0.4,0.909400564113324
2025-09-24,ILI incidence,2025-10-12,4,HR,quantile,0.45,1.2342130251813752
2025-09-24,ILI incidence,2025-10-12,4,HR,quantile,0.5,1.60777663857681
2025-09-24,ILI incidence,2025-10-12,4,HR,quantile,0.55,2.043800622438363
2025-09-24,ILI incidence,2025-10-12,4,HR,quantile,0.6,2.5615884505957207
2025-09-24,ILI incidence,2025-10-12,4,HR,quantile,0.65,3.189501059609121
2025-09-24,ILI incidence,2025-10-12,4,HR,quantile,0.7,3.971394823147042
2025-09-24,ILI incidence,2025-10-12,4,HR,quantile,0.75,4.9796649669239015
2025-09-24,ILI incidence,2025-10-12,4,HR,quantile,0.8,6.344830729958237
2025-09-24,ILI incidence,2025-10-12,4,HR,quantile,0.85,8.334210822630961
2025-09-24,ILI incidence,2025-10-12,4,HR,quantile,0.9,11.619841762774394
2025-09-24,ILI incidence,2025-10-12,4,HR,quantile,0.95,18.73242777418798
2025-09-24,ILI incidence,2025-10-12,4,HR,quantile,0.975,28.077456001880435
2025-09-24,ILI incidence,2025-10-12,4,HR,quantile,0.99,44.63833184931718
2025-09-24,ILI incidence,2025-10-12,4,HR,median,,1.60777663857681
2025-09-24,ILI incidence,2025-09-21,1,IE,quantile,0.01,0.03520876613576762
2025-09-24,ILI incidence,2025-09-21,1,IE,quantile,0.025,0.23441119321283366
2025-09-24,ILI incidence,2025-09-21,1,IE,quantile,0.05,0.436135806613128
2025-09-24,ILI incidence,2025-09-21,1,IE,quantile,0.1,0.7099543473027108
2025-09-24,ILI incidence,2025-09-21,1,IE,quantile,0.15,0.923618732682951
2025-09-24,ILI incidence,2025-09-21,1,IE,quantile,0.2,1.1123168479516878
2025-09-24,ILI incidence,2025-09-21,1,IE,quantile,0.25,1.2888884117065835
2025-09-24,ILI incidence,2025-09-21,1,IE,quantile,0.3,1.4599992148044603
2025-09-24,ILI incidence,2025-09-21,1,IE,quantile,0.35,1.6299571475601264
2025-09-24,ILI incidence,2025-09-21,1,IE,quantile,0.4,1.8020755440814007
2025-09-24,ILI incidence,2025-09-21,1,IE,quantile,0.45,1.979315958714499
2025-09-24,ILI incidence,2025-09-21,1,IE,quantile,0.5,2.164688514955894
2025-09-24,ILI incidence,2025-09-21,1,IE,quantile,0.55,2.361594921612501
2025-09-24,ILI incidence,2025-09-21,1,IE,quantile,0.6,2.5742267612478043
2025-09-24,ILI incidence,2025-09-21,1,IE,quantile,0.65,2.808143188182793
2025-09-24,ILI incidence,2025-09-21,1,IE,quantile,0.7,3.071242517648459
2025-09-24,ILI incidence,2025-09-21,1,IE,quantile,0.75,3.3755970564010243
2025-09-24,ILI incidence,2025-09-21,1,IE,quantile,0.8,3.7413594255073646
2025-09-24,ILI incidence,2025-09-21,1,IE,quantile,0.85,4.2064648916810325
2025-09-24,ILI incidence,2025-09-21,1,IE,quantile,0.9,4.857029699355334
2025-09-24,ILI incidence,2025-09-21,1,IE,quantile,0.95,5.973750915878169
2025-09-24,ILI incidence,2025-09-21,1,IE,quantile,0.975,7.113385111671567
2025-09-24,ILI incidence,2025-09-21,1,IE,quantile,0.99,8.674621896874703
2025-09-24,ILI incidence,2025-09-21,1,IE,median,,2.164688514955894
2025-09-24,ILI incidence,2025-09-28,2,IE,quantile,0.01,0
2025-09-24,ILI incidence,2025-09-28,2,IE,quantile,0.025,0.06685185746273481
2025-09-24,ILI incidence,2025-09-28,2,IE,quantile,0.05,0.2698169934946464
2025-09-24,ILI incidence,2025-09-28,2,IE,quantile,0.1,0.5521931817580652
2025-09-24,ILI incidence,2025-09-28,2,IE,quantile,0.15,0.7773883356389533
2025-09-24,ILI incidence,2025-09-28,2,IE,quantile,0.2,0.9794464348263028
2025-09-24,ILI incidence,2025-09-28,2,IE,quantile,0.25,1.1710053597522196
2025-09-24,ILI incidence,2025-09-28,2,IE,quantile,0.3,1.3587794133952622
2025-09-24,ILI incidence,2025-09-28,2,IE,quantile,0.35,1.5472477543761496
2025-09-24,ILI incidence,2025-09-28,2,IE,quantile,0.4,1.739991439075987
2025-09-24,ILI incidence,2025-09-28,2,IE,quantile,0.45,1.9403434037307288
2025-09-24,ILI incidence,2025-09-28,2,IE,quantile,0.5,2.1518168845024204
2025-09-24,ILI incidence,2025-09-28,2,IE,quantile,0.55,2.378499824486581
2025-09-24,ILI incidence,2025-09-28,2,IE,quantile,0.6,2.625540405624257
2025-09-24,ILI incidence,2025-09-28,2,IE,quantile,0.65,2.899875721302769
2025-09-24,ILI incidence,2025-09-28,2,IE,quantile,0.7,3.2114788763292914
2025-09-24,ILI incidence,2025-09-28,2,IE,quantile,0.75,3.575737056019209
2025-09-24,ILI incidence,2025-09-28,2,IE,quantile,0.8,4.018549377571943
2025-09-24,ILI incidence,2025-09-28,2,IE,quantile,0.85,4.589071039933089
2025-09-24,ILI incidence,2025-09-28,2,IE,quantile,0.9,5.399944150110893
2025-09-24,ILI incidence,2025-09-28,2,IE,quantile,0.95,6.823134927573655
2025-09-24,ILI incidence,2025-09-28,2,IE,quantile,0.975,8.311461196740277
2025-09-24,ILI incidence,2025-09-28,2,IE,quantile,0.99,10.40150589539746
2025-09-24,ILI incidence,2025-09-28,2,IE,median,,2.1518168845024204
2025-09-24,ILI incidence,2025-10-05,3,IE,quantile,0.01,0
2025-09-24,ILI incidence,2025-10-05,3,IE,quantile,0.025,0
2025-09-24,ILI incidence,2025-10-05,3,IE,quantile,0.05,0.13742211977589558
2025-09-24,ILI incidence,2025-10-05,3,IE,quantile,0.1,0.4233029320566908
2025-09-24,ILI incidence,2025-10-05,3,IE,quantile,0.15,0.6557556629940111
2025-09-24,ILI incidence,2025-10-05,3,IE,quantile,0.2,0.8672895043787483
2025-09-24,ILI incidence,2025-10-05,3,IE,quantile,0.25,1.0701786533559727
2025-09-24,ILI incidence,2025-10-05,3,IE,quantile,0.3,1.2710995492925634
2025-09-24,ILI incidence,2025-10-05,3,IE,quantile,0.35,1.4746496836092264
2025-09-24,ILI incidence,2025-10-05,3,IE,quantile,0.4,1.6846426423307945
2025-09-24,ILI incidence,2025-10-05,3,IE,quantile,0.45,1.904758525767826
2025-09-24,ILI incidence,2025-10-05,3,IE,quantile,0.5,2.138997606395709
2025-09-24,ILI incidence,2025-10-05,3,IE,quantile,0.55,2.3921256743203574
2025-09-24,ILI incidence,2025-10-05,3,IE,quantile,0.6,2.6702486273567487
2025-09-24,ILI incidence,2025-10-05,3,IE,quantile,0.65,2.9816973037521612
2025-09-24,ILI incidence,2025-10-05,3,IE,quantile,0.7,3.338561898806793
2025-09-24,ILI incidence,2025-10-05,3,IE,quantile,0.75,3.759640409287754
2025-09-24,ILI incidence,2025-10-05,3,IE,quantile,0.8,4.276796099293779
2025-09-24,ILI incidence,2025-10-05,3,IE,quantile,0.85,4.950942034008091
2025-09-24,ILI incidence,2025-10-05,3,IE,quantile,0.9,5.922845271399703
2025-09-24,ILI incidence,2025-10-05,3,IE,quantile,0.95,7.662840120341043
2025-09-24,ILI incidence,2025-10-05,3,IE,quantile,0.975,9.522505817891796
2025-09-24,ILI incidence,2025-10-05,3,IE,quantile,0.99,12.192310654608663
2025-09-24,ILI incidence,2025-10-05,3,IE,median,,2.138997606395709
2025-09-24,ILI incidence,2025-10-12,4,IE,quantile,0.01,0
2025-09-24,ILI incidence,2025-10-12,4,IE,quantile,0.025,0
2025-09-24,ILI incidence,2025-10-12,4,IE,quantile,0.05,0.028306003922564216
2025-09-24,ILI incidence,2025-10-12,4,IE,quantile,0.1,0.3145622031740438
2025-09-24,ILI incidence,2025-10-12,4,IE,quantile,0.15,0.5514697296984483
2025-09-24,ILI incidence,2025-10-12,4,IE,quantile,0.2,0.7698503842973015
2025-09-24,ILI incidence,2025-10-12,4,IE,quantile,0.25,0.9815419392285236
2025-09-24,ILI incidence,2025-10-12,4,IE,quantile,0.3,1.193141708831189
2025-09-24,ILI incidence,2025-10-12,4,IE,quantile,0.35,1.4093396347232998
2025-09-24,ILI incidence,2025-10-12,4,IE,quantile,0.4,1.634164939046928
2025-09-24,ILI incidence,2025-10-12,4,IE,quantile,0.45,1.8716343704259892
2025-09-24,ILI incidence,2025-10-12,4,IE,quantile,0.5,2.126230467704833
2025-09-24,ILI incidence,2025-10-12,4,IE,quantile,0.55,2.4033987884593295
2025-09-24,ILI incidence,2025-10-12,4,IE,quantile,0.6,2.7102144942913418
2025-09-24,ILI incidence,2025-10-12,4,IE,quantile,0.65,3.0564297354982077
2025-09-24,ILI incidence,2025-10-12,4,IE,quantile,0.7,3.456308909657537
2025-09-24,ILI incidence,2025-10-12,4,IE,quantile,0.75,3.932177686338065
2025-09-24,ILI incidence,2025-10-12,4,IE,quantile,0.8,4.522114764003831
2025-09-24,ILI incidence,2025-10-12,4,IE,quantile,0.85,5.2993926018173605
2025-09-24,ILI incidence,2025-10-12,4,IE,quantile,0.9,6.434655365571946
2025-09-24,ILI incidence,2025-10-12,4,IE,quantile,0.95,8.504288509378327
2025-09-24,ILI incidence,2025-10-12,4,IE,quantile,0.975,10.760619180139546
2025-09-24,ILI incidence,2025-10-12,4,IE,quantile,0.99,14.065852967758023
2025-09-24,ILI incidence,2025-10-12,4,IE,median,,2.126230467704833
2025-09-24,ILI incidence,2025-09-21,1,IS,quantile,0.01,0
2025-09-24,ILI incidence,2025-09-21,1,IS,quantile,0.025,0
2025-09-24,ILI incidence,2025-09-21,1,IS,quantile,0.05,0
2025-09-24,ILI incidence,2025-09-21,1,IS,quantile,0.1,0
2025-09-24,ILI incidence,2025-09-21,1,IS,quantile,0.15,0
2025-09-24,ILI incidence,2025-09-21,1,IS,quantile,0.2,0
2025-09-24,ILI incidence,2025-09-21,1,IS,quantile,0.25,0.03674431688096291
2025-09-24,ILI incidence,2025-09-21,1,IS,quantile,0.3,0.11624434294936714
2025-09-24,ILI incidence,2025-09-21,1,IS,quantile,0.35,0.1953448680495682
2025-09-24,ILI incidence,2025-09-21,1,IS,quantile,0.4,0.27558038572531873
2025-09-24,ILI incidence,2025-09-21,1,IS,quantile,0.45,0.358331572887469
2025-09-24,ILI incidence,2025-09-21,1,IS,quantile,0.5,0.44501035580281556
2025-09-24,ILI incidence,2025-09-21,1,IS,quantile,0.55,0.5372203444691368
2025-09-24,ILI incidence,2025-09-21,1,IS,quantile,0.6,0.6369449951914028
2025-09-24,ILI incidence,2025-09-21,1,IS,quantile,0.65,0.7468221800997374
2025-09-24,ILI incidence,2025-09-21,1,IS,quantile,0.7,0.870607400222313
2025-09-24,ILI incidence,2025-09-21,1,IS,quantile,0.75,1.0140500356532232
2025-09-24,ILI incidence,2025-09-21,1,IS,quantile,0.8,1.186761042747424
2025-09-24,ILI incidence,2025-09-21,1,IS,quantile,0.85,1.406856830034179
2025-09-24,ILI incidence,2025-09-21,1,IS,quantile,0.9,1.7155269694279207
2025-09-24,ILI incidence,2025-09-21,1,IS,quantile,0.95,2.247315903190193
2025-09-24,ILI incidence,2025-09-21,1,IS,quantile,0.975,2.7922070794656455
2025-09-24,ILI incidence,2025-09-21,1,IS,quantile,0.99,3.5417301665991427
2025-09-24,ILI incidence,2025-09-21,1,IS,median,,0.44501035580281556
2025-09-24,ILI incidence,2025-09-28,2,IS,quantile,0.01,0
2025-09-24,ILI incidence,2025-09-28,2,IS,quantile,0.025,0
2025-09-24,ILI incidence,2025-09-28,2,IS,quantile,0.05,0
2025-09-24,ILI incidence,2025-09-28,2,IS,quantile,0.1,0
2025-09-24,ILI incidence,2025-09-28,2,IS,quantile,0.15,0
2025-09-24,ILI incidence,2025-09-28,2,IS,quantile,0.2,0
2025-09-24,ILI incidence,2025-09-28,2,IS,quantile,0.25,0
2025-09-24,ILI incidence,2025-09-28,2,IS,quantile,0.3,0
2025-09-24,ILI incidence,2025-09-28,2,IS,quantile,0.35,0.053337256563351865
2025-09-24,ILI incidence,2025-09-28,2,IS,quantile,0.4,0.14548537920500793
2025-09-24,ILI incidence,2025-09-28,2,IS,quantile,0.45,0.24230535774996853
2025-09-24,ILI incidence,2025-09-28,2,IS,quantile,0.5,0.3455767306699822
2025-09-24,ILI incidence,2025-09-28,2,IS,quantile,0.55,0.4574329304992997
2025-09-24,ILI incidence,2025-09-28,2,IS,quantile,0.6,0.5806196840129885
2025-09-24,ILI incidence,2025-09-28,2,IS,quantile,0.65,0.7188955643966848
2025-09-24,ILI incidence,2025-09-28,2,IS,quantile,0.7,0.8777289551453253
2025-09-24,ILI incidence,2025-09-28,2,IS,quantile,0.75,1.065640025568415
2025-09-24,ILI incidence,2025-09-28,2,IS,quantile,0.8,1.2970989783568365
2025-09-24,ILI incidence,2025-09-28,2,IS,quantile,0.85,1.5998249616056484
2025-09-24,ILI incidence,2025-09-28,2,IS,quantile,0.9,2.038029606046494
2025-09-24,ILI incidence,2025-09-28,2,IS,quantile,0.95,2.8269815553613373
2025-09-24,ILI incidence,2025-09-28,2,IS,quantile,0.975,3.6754213413310586
2025-09-24,ILI incidence,2025-09-28,2,IS,quantile,0.99,4.901136321181718
2025-09-24,ILI incidence,2025-09-28,2,IS,median,,0.3455767306699822
2025-09-24,ILI incidence,2025-10-05,3,IS,quantile,0.01,0
2025-09-24,ILI incidence,2025-10-05,3,IS,quantile,0.025,0
2025-09-24,ILI incidence,2025-10-05,3,IS,quantile,0.05,0
2025-09-24,ILI incidence,2025-10-05,3,IS,quantile,0.1,0
2025-09-24,ILI incidence,2025-10-05,3,IS,quantile,0.15,0
2025-09-24,ILI incidence,2025-10-05,3,IS,quantile,0.2,0
2025-09-24,ILI incidence,2025-10-05,3,IS,quantile,0.25,0
2025-09-24,ILI incidence,2025-10-05,3,IS,quantile,0.3,0
2025-09-24,ILI incidence,2025-10-05,3,IS,quantile,0.35,0
2025-09-24,ILI incidence,2025-10-05,3,IS,quantile,0.4,0.018538262146582607
2025-09-24,ILI incidence,2025-10-05,3,IS,quantile,0.45,0.13063159334427055
2025-09-24,ILI incidence,2025-10-05,3,IS,quantile,0.5,0.2529853034712004
2025-09-24,ILI incidence,2025-10-05,3,IS,quantile,0.55,0.38857978138664073
2025-09-24,ILI incidence,2025-10-05,3,IS,quantile,0.6,0.5413973427037291
2025-09-24,ILI incidence,2025-10-05,3,IS,quantile,0.65,0.71704228149376
2025-09-24,ILI incidence,2025-10-05,3,IS,quantile,0.7,0.92384951746016
2025-09-24,ILI incidence,2025-10-05,3,IS,quantile,0.75,1.1750577482869367
2025-09-24,ILI incidence,2025-10-05,3,IS,quantile,0.8,1.4935755338098593
2025-09-24,ILI incidence,2025-10-05,3,IS,quantile,0.85,1.9241808269554506
2025-09-24,ILI incidence,2025-10-05,3,IS,quantile,0.9,2.57314464520256
2025-09-24,ILI incidence,2025-10-05,3,IS,quantile,0.95,3.809129073595507
2025-09-24,ILI incidence,2025-10-05,3,IS,quantile,0.975,5.222550509303592
2025-09-24,ILI incidence,2025-10-05,3,IS,quantile,0.99,7.396120936043021
2025-09-24,ILI incidence,2025-10-05,3,IS,median,,0.2529853034712004
2025-09-24,ILI incidence,2025-10-12,4,IS,quantile,0.01,0
2025-09-24,ILI incidence,2025-10-12,4,IS,quantile,0.025,0
2025-09-24,ILI incidence,2025-10-12,4,IS,quantile,0.05,0
2025-09-24,ILI incidence,2025-10-12,4,IS,quantile,0.1,0
2025-09-24,ILI incidence,2025-10-12,4,IS,quantile,0.15,0
2025-09-24,ILI incidence,2025-10-12,4,IS,quantile,0.2,0
2025-09-24,ILI incidence,2025-10-12,4,IS,quantile,0.25,0
2025-09-24,ILI incidence,2025-10-12,4,IS,quantile,0.3,0
2025-09-24,ILI incidence,2025-10-12,4,IS,quantile,0.35,0
2025-09-24,ILI incidence,2025-10-12,4,IS,quantile,0.4,0
2025-09-24,ILI incidence,2025-10-12,4,IS,quantile,0.45,0.025035786613631483
2025-09-24,ILI incidence,2025-10-12,4,IS,quantile,0.5,0.16676525011645205
2025-09-24,ILI incidence,2025-10-12,4,IS,quantile,0.55,0.32809133754901776
2025-09-24,ILI incidence,2025-10-12,4,IS,quantile,0.6,0.5148809440787419
2025-09-24,ILI incidence,2025-10-12,4,IS,quantile,0.65,0.735594002580892
2025-09-24,ILI incidence,2025-10-12,4,IS,quantile,0.7,1.003081601612417
2025-09-24,ILI incidence,2025-10-12,4,IS,quantile,0.75,1.3381734264667666
2025-09-24,ILI incidence,2025-10-12,4,IS,quantile,0.8,1.7776830997266946
2025-09-24,ILI incidence,2025-10-12,4,IS,quantile,0.85,2.395300345789618
2025-09-24,ILI incidence,2025-10-12,4,IS,quantile,0.9,3.37109302009162
2025-09-24,ILI incidence,2025-10-12,4,IS,quantile,0.95,5.356229049884371
2025-09-24,ILI incidence,2025-10-12,4,IS,quantile,0.975,7.795064341211944
2025-09-24,ILI incidence,2025-10-12,4,IS,quantile,0.99,11.830036711288686
2025-09-24,ILI incidence,2025-10-12,4,IS,median,,0.16676525011645205
2025-09-24,ILI incidence,2025-09-21,1,LT,quantile,0.01,0.5172505073440545
2025-09-24,ILI incidence,2025-09-21,1,LT,quantile,0.025,0.8373248776720461
2025-09-24,ILI incidence,2025-09-21,1,LT,quantile,0.05,1.1661134182625688
2025-09-24,ILI incidence,2025-09-21,1,LT,quantile,0.1,1.618849989406788
2025-09-24,ILI incidence,2025-09-21,1,LT,quantile,0.15,1.9766335134648436
2025-09-24,ILI incidence,2025-09-21,1,LT,quantile,0.2,2.2955370858162056
2025-09-24,ILI incidence,2025-09-21,1,LT,quantile,0.25,2.59622275739469
2025-09-24,ILI incidence,2025-09-21,1,LT,quantile,0.3,2.8895580697636194
2025-09-24,ILI incidence,2025-09-21,1,LT,quantile,0.35,3.182693721135773
2025-09-24,ILI incidence,2025-09-21,1,LT,quantile,0.4,3.4812527260480683
2025-09-24,ILI incidence,2025-09-21,1,LT,quantile,0.45,3.7903803467316317
2025-09-24,ILI incidence,2025-09-21,1,LT,quantile,0.5,4.115419319237075
2025-09-24,ILI incidence,2025-09-21,1,LT,quantile,0.55,4.462512977592147
2025-09-24,ILI incidence,2025-09-21,1,LT,quantile,0.6,4.839330296977144
2025-09-24,ILI incidence,2025-09-21,1,LT,quantile,0.65,5.256139358087724
2025-09-24,ILI incidence,2025-09-21,1,LT,quantile,0.7,5.7276318651836435
2025-09-24,ILI incidence,2025-09-21,1,LT,quantile,0.75,6.27638874922786
2025-09-24,ILI incidence,2025-09-21,1,LT,quantile,0.8,6.940288374919924
2025-09-24,ILI incidence,2025-09-21,1,LT,quantile,0.85,7.790976347358445
2025-09-24,ILI incidence,2025-09-21,1,LT,quantile,0.9,8.991986909319412
2025-09-24,ILI incidence,2025-09-21,1,LT,quantile,0.95,11.080399203017146
2025-09-24,ILI incidence,2025-09-21,1,LT,quantile,0.975,13.242181733683942
2025-09-24,ILI incidence,2025-09-21,1,LT,quantile,0.99,16.246667366373206
2025-09-24,ILI incidence,2025-09-21,1,LT,median,,4.115419319237075
2025-09-24,ILI incidence,2025-09-28,2,LT,quantile,0.01,0.10713255641739527
2025-09-24,ILI incidence,2025-09-28,2,LT,quantile,0.025,0.4373938680956848
2025-09-24,ILI incidence,2025-09-28,2,LT,quantile,0.05,0.7992252832029998
2025-09-24,ILI incidence,2025-09-28,2,LT,quantile,0.1,1.3308163224621223
2025-09-24,ILI incidence,2025-09-28,2,LT,quantile,0.15,1.775613438064413
2025-09-24,ILI incidence,2025-09-28,2,LT,quantile,0.2,2.188914657079047
2025-09-24,ILI incidence,2025-09-28,2,LT,quantile,0.25,2.5922051247420184
2025-09-24,ILI incidence,2025-09-28,2,LT,quantile,0.3,2.9976585609151454
2025-09-24,ILI incidence,2025-09-28,2,LT,quantile,0.35,3.414113686825049
2025-09-24,ILI incidence,2025-09-28,2,LT,quantile,0.4,3.8493350682894274
2025-09-24,ILI incidence,2025-09-28,2,LT,quantile,0.45,4.311217508429734
2025-09-24,ILI incidence,2025-09-28,2,LT,quantile,0.5,4.8087078671501065
2025-09-24,ILI incidence,2025-09-28,2,LT,quantile,0.55,5.352797081335712
2025-09-24,ILI incidence,2025-09-28,2,LT,quantile,0.6,5.957879092853343
2025-09-24,ILI incidence,2025-09-28,2,LT,quantile,0.65,6.64390984912774
2025-09-24,ILI incidence,2025-09-28,2,LT,quantile,0.7,7.440212332232679
2025-09-24,ILI incidence,2025-09-28,2,LT,quantile,0.75,8.39286202046013
2025-09-24,ILI incidence,2025-09-28,2,LT,quantile,0.8,9.580743203958113
2025-09-24,ILI incidence,2025-09-28,2,LT,quantile,0.85,11.156263052761794
2025-09-24,ILI incidence,2025-09-28,2,LT,quantile,0.9,13.476081517332805
2025-09-24,ILI incidence,2025-09-28,2,LT,quantile,0.95,17.753119690395454
2025-09-24,ILI incidence,2025-09-28,2,LT,quantile,0.975,22.473793672567307
2025-09-24,ILI incidence,2025-09-28,2,LT,quantile,0.99,29.476104139756647
2025-09-24,ILI incidence,2025-09-28,2,LT,median,,4.8087078671501065
2025-09-24,ILI incidence,2025-10-05,3,LT,quantile,0.01,0
2025-09-24,ILI incidence,2025-10-05,3,LT,quantile,0.025,0.011957123219105803
2025-09-24,ILI incidence,2025-10-05,3,LT,quantile,0.05,0.36788750326688513
2025-09-24,ILI incidence,2025-10-05,3,LT,quantile,0.1,0.9362265673364301
2025-09-24,ILI incidence,2025-10-05,3,LT,quantile,0.15,1.4477755752101817
2025-09-24,ILI incidence,2025-10-05,3,LT,quantile,0.2,1.9491120031282971
2025-09-24,ILI incidence,2025-10-05,3,LT,quantile,0.25,2.460295103914621
2025-09-24,ILI incidence,2025-10-05,3,LT,quantile,0.3,2.994442045269375
2025-09-24,ILI incidence,2025-10-05,3,LT,quantile,0.35,3.562744939349571
2025-09-24,ILI incidence,2025-10-05,3,LT,quantile,0.4,4.176596769116174
2025-09-24,ILI incidence,2025-10-05,3,LT,quantile,0.45,4.848998722328812
2025-09-24,ILI incidence,2025-10-05,3,LT,quantile,0.5,5.595957238343096
2025-09-24,ILI incidence,2025-10-05,3,LT,quantile,0.55,6.4383076412655225
2025-09-24,ILI incidence,2025-10-05,3,LT,quantile,0.6,7.404489248537471
2025-09-24,ILI incidence,2025-10-05,3,LT,quantile,0.65,8.53519262381839
2025-09-24,ILI incidence,2025-10-05,3,LT,quantile,0.7,9.891797001179603
2025-09-24,ILI incidence,2025-10-05,3,LT,quantile,0.75,11.573104484883894
2025-09-24,ILI incidence,2025-10-05,3,LT,quantile,0.8,13.752458314197842
2025-09-24,ILI incidence,2025-10-05,3,LT,quantile,0.85,16.7739545776434
2025-09-24,ILI incidence,2025-10-05,3,LT,quantile,0.9,21.469814547530262
2025-09-24,ILI incidence,2025-10-05,3,LT,quantile,0.95,30.805723633080202
2025-09-24,ILI incidence,2025-10-05,3,LT,quantile,0.975,41.99258426251598
2025-09-24,ILI incidence,2025-10-05,3,LT,quantile,0.99,60.03507064668295
2025-09-24,ILI incidence,2025-10-05,3,LT,median,,5.595957238343096
2025-09-24,ILI incidence,2025-10-12,4,LT,quantile,0.01,0
2025-09-24,ILI incidence,2025-10-12,4,LT,quantile,0.025,0
2025-09-24,ILI incidence,2025-10-12,4,LT,quantile,0.05,0
2025-09-24,ILI incidence,2025-10-12,4,LT,quantile,0.1,0.5258355401626844
2025-09-24,ILI incidence,2025-10-12,4,LT,quantile,0.15,1.0685546173738483
2025-09-24,ILI incidence,2025-10-12,4,LT,quantile,0.2,1.6345290235885237
2025-09-24,ILI incidence,2025-10-12,4,LT,quantile,0.25,2.2420112575744304
2025-09-24,ILI incidence,2025-10-12,4,LT,quantile,0.3,2.906046944967017
2025-09-24,ILI incidence,2025-10-12,4,LT,quantile,0.35,3.6422082858506046
2025-09-24,ILI incidence,2025-10-12,4,LT,quantile,0.4,4.468649735319172
2025-09-24,ILI incidence,2025-10-12,4,LT,quantile,0.45,5.40802007399067
2025-09-24,ILI incidence,2025-10-12,4,LT,quantile,0.5,6.489901865455003
2025-09-24,ILI incidence,2025-10-12,4,LT,quantile,0.55,7.754440420972379
2025-09-24,ILI incidence,2025-10-12,4,LT,quantile,0.6,9.258223267040563
2025-09-24,ILI incidence,2025-10-12,4,LT,quantile,0.65,11.084470687180136
2025-09-24,ILI incidence,2025-10-12,4,LT,quantile,0.7,13.361995834799181
2025-09-24,ILI incidence,2025-10-12,4,LT,quantile,0.75,16.303650572798315
2025-09-24,ILI incidence,2025-10-12,4,LT,quantile,0.8,20.293608630560367
2025-09-24,ILI incidence,2025-10-12,4,LT,quantile,0.85,26.119723831786917
2025-09-24,ILI incidence,2025-10-12,4,LT,quantile,0.9,35.76584302667714
2025-09-24,ILI incidence,2025-10-12,4,LT,quantile,0.95,56.71975369737509
2025-09-24,ILI incidence,2025-10-12,4,LT,quantile,0.975,84.35345495834382
2025-09-24,ILI incidence,2025-10-12,4,LT,quantile,0.99,133.51250522281853
2025-09-24,ILI incidence,2025-10-12,4,LT,median,,6.489901865455003
2025-09-24,ILI incidence,2025-09-21,1,LU,quantile,0.01,0.19048520956788706
2025-09-24,ILI incidence,2025-09-21,1,LU,quantile,0.025,2.1575391373830777
2025-09-24,ILI incidence,2025-09-21,1,LU,quantile,0.05,6.306163513234666
2025-09-24,ILI incidence,2025-09-21,1,LU,quantile,0.1,18.219886460134468
2025-09-24,ILI incidence,2025-09-21,1,LU,quantile,0.15,35.91171895645864
2025-09-24,ILI incidence,2025-09-21,1,LU,quantile,0.2,61.00294219203248
2025-09-24,ILI incidence,2025-09-21,1,LU,quantile,0.25,95.75090804680472
2025-09-24,ILI incidence,2025-09-21,1,LU,quantile,0.3,143.2756411406644
2025-09-24,ILI incidence,2025-09-21,1,LU,quantile,0.35,207.93047813711993
2025-09-24,ILI incidence,2025-09-21,1,LU,quantile,0.4,295.88866017432275
2025-09-24,ILI incidence,2025-09-21,1,LU,quantile,0.45,416.08824827462155
2025-09-24,ILI incidence,2025-09-21,1,LU,quantile,0.5,581.8027742878442
2025-09-24,ILI incidence,2025-09-21,1,LU,quantile,0.55,813.3578130591865
2025-09-24,ILI incidence,2025-09-21,1,LU,quantile,0.6,1143.062132646535
2025-09-24,ILI incidence,2025-09-21,1,LU,quantile,0.65,1624.703807056296
2025-09-24,ILI incidence,2025-09-21,1,LU,quantile,0.7,2353.237146563437
2025-09-24,ILI incidence,2025-09-21,1,LU,quantile,0.75,3509.655151198097
2025-09-24,ILI incidence,2025-09-21,1,LU,quantile,0.8,5477.1121945089735
2025-09-24,ILI incidence,2025-09-21,1,LU,quantile,0.85,9200.930533722187
2025-09-24,ILI incidence,2025-09-21,1,LU,quantile,0.9,17671.27264438437
2025-09-24,ILI incidence,2025-09-21,1,LU,quantile,0.95,46488.38845980316
2025-09-24,ILI incidence,2025-09-21,1,LU,quantile,0.975,107569.81985026848
2025-09-24,ILI incidence,2025-09-21,1,LU,quantile,0.99,285310.4603926032
2025-09-24,ILI incidence,2025-09-21,1,LU,median,,581.8027742878442
2025-09-24,ILI incidence,2025-09-28,2,LU,quantile,0.01,0
2025-09-24,ILI incidence,2025-09-28,2,LU,quantile,0.025,0.39474962782732037
2025-09-24,ILI incidence,2025-09-28,2,LU,quantile,0.05,3.5078912012816525
2025-09-24,ILI incidence,2025-09-28,2,LU,quantile,0.1,16.432833233148035
2025-09-24,ILI incidence,2025-09-28,2,LU,quantile,0.15,42.419047280907485
2025-09-24,ILI incidence,2025-09-28,2,LU,quantile,0.2,88.67197883952706
2025-09-24,ILI incidence,2025-09-28,2,LU,quantile,0.25,166.06232211954142
2025-09-24,ILI incidence,2025-09-28,2,LU,quantile,0.3,291.1097181782852
2025-09-24,ILI incidence,2025-09-28,2,LU,quantile,0.35,489.24548403275526
2025-09-24,ILI incidence,2025-09-28,2,LU,quantile,0.4,800.2922837423426
2025-09-24,ILI incidence,2025-09-28,2,LU,quantile,0.45,1287.949862906041
2025-09-24,ILI incidence,2025-09-28,2,LU,quantile,0.5,2056.822825860445
2025-09-24,ILI incidence,2025-09-28,2,LU,quantile,0.55,3284.337082921865
2025-09-24,ILI incidence,2025-09-28,2,LU,quantile,0.6,5283.756721798074
2025-09-24,ILI incidence,2025-09-28,2,LU,quantile,0.65,8636.7843765091
2025-09-24,ILI incidence,2025-09-28,2,LU,quantile,0.7,14495.726808820933
2025-09-24,ILI incidence,2025-09-28,2,LU,quantile,0.75,25346.635115488112
2025-09-24,ILI incidence,2025-09-28,2,LU,quantile,0.8,47222.612520142815
2025-09-24,ILI incidence,2025-09-28,2,LU,quantile,0.85,97528.42654949415
2025-09-24,ILI incidence,2025-09-28,2,LU,quantile,0.9,242910.44910284795
2025-09-24,ILI incidence,2025-09-28,2,LU,quantile,0.95,939381.6500134445
2025-09-24,ILI incidence,2025-09-28,2,LU,quantile,0.975,3036124.4078474254
2025-09-24,ILI incidence,2025-09-28,2,LU,quantile,0.99,11876732.779393293
2025-09-24,ILI incidence,2025-09-28,2,LU,median,,2056.822825860445
2025-09-24,ILI incidence,2025-10-05,3,LU,quantile,0.01,0
2025-09-24,ILI incidence,2025-10-05,3,LU,quantile,0.025,0
2025-09-24,ILI incidence,2025-10-05,3,LU,quantile,0.05,0
2025-09-24,ILI incidence,2025-10-05,3,LU,quantile,0.1,0.7654125788303403
2025-09-24,ILI incidence,2025-10-05,3,LU,quantile,0.15,4.410154432954578
2025-09-24,ILI incidence,2025-10-05,3,LU,quantile,0.2,12.175160385260536
2025-09-24,ILI incidence,2025-10-05,3,LU,quantile,0.25,27.27340883751022
2025-09-24,ILI incidence,2025-10-05,3,LU,quantile,0.3,55.12872978882996
2025-09-24,ILI incidence,2025-10-05,3,LU,quantile,0.35,104.96143218688924
2025-09-24,ILI incidence,2025-10-05,3,LU,quantile,0.4,192.64636354339868
2025-09-24,ILI incidence,2025-10-05,3,LU,quantile,0.45,346.0271095579202
2025-09-24,ILI incidence,2025-10-05,3,LU,quantile,0.5,615.1701100583837
2025-09-24,ILI incidence,2025-10-05,3,LU,quantile,0.55,1093.0517154784222
2025-09-24,ILI incidence,2025-10-05,3,LU,quantile,0.6,1959.613138207851
2025-09-24,ILI incidence,2025-10-05,3,LU,quantile,0.65,3582.054670870501
2025-09-24,ILI incidence,2025-10-05,3,LU,quantile,0.7,6763.193773095461
2025-09-24,ILI incidence,2025-10-05,3,LU,quantile,0.75,13427.363262149715
2025-09-24,ILI incidence,2025-10-05,3,LU,quantile,0.8,28815.77288377493
2025-09-24,ILI incidence,2025-10-05,3,LU,quantile,0.85,70175.48187946841
2025-09-24,ILI incidence,2025-10-05,3,LU,quantile,0.9,215056.72026440754
2025-09-24,ILI incidence,2025-10-05,3,LU,quantile,0.95,1130885.2654349199
2025-09-24,ILI incidence,2025-10-05,3,LU,quantile,0.975,4771564.068221498
2025-09-24,ILI incidence,2025-10-05,3,LU,quantile,0.99,25447181.545567036
2025-09-24,ILI incidence,2025-10-05,3,LU,median,,615.1701100583837
2025-09-24,ILI incidence,2025-10-12,4,LU,quantile,0.01,0
2025-09-24,ILI incidence,2025-10-12,4,LU,quantile,0.025,0
2025-09-24,ILI incidence,2025-10-12,4,LU,quantile,0.05,0
2025-09-24,ILI incidence,2025-10-12,4,LU,quantile,0.1,1.5766684816637473
2025-09-24,ILI incidence,2025-10-12,4,LU,quantile,0.15,8.37579119764895
2025-09-24,ILI incidence,2025-10-12,4,LU,quantile,0.2,25.171746981593515
2025-09-24,ILI incidence,2025-10-12,4,LU,quantile,0.25,62.14088758910358
2025-09-24,ILI incidence,2025-10-12,4,LU,quantile,0.3,138.247600510744
2025-09-24,ILI incidence,2025-10-12,4,LU,quantile,0.35,288.78131835165465
2025-09-24,ILI incidence,2025-10-12,4,LU,quantile,0.4,579.8841236730332
2025-09-24,ILI incidence,2025-10-12,4,LU,quantile,0.45,1137.4042369259864
2025-09-24,ILI incidence,2025-10-12,4,LU,quantile,0.5,2206.347294455488
2025-09-24,ILI incidence,2025-10-12,4,LU,quantile,0.55,4279.010492140101
2025-09-24,ILI incidence,2025-10-12,4,LU,quantile,0.6,8386.87269228678
2025-09-24,ILI incidence,2025-10-12,4,LU,quantile,0.65,16812.996520049146
2025-09-24,ILI incidence,2025-10-12,4,LU,quantile,0.7,34989.779449474496
2025-09-24,ILI incidence,2025-10-12,4,LU,quantile,0.75,77165.82904503253
2025-09-24,ILI incidence,2025-10-12,4,LU,quantile,0.8,186168.53930384145
2025-09-24,ILI incidence,2025-10-12,4,LU,quantile,0.85,519675.8971947429
2025-09-24,ILI incidence,2025-10-12,4,LU,quantile,0.9,1890960.9584409622
2025-09-24,ILI incidence,2025-10-12,4,LU,quantile,0.95,12826088.820744174
2025-09-24,ILI incidence,2025-10-12,4,LU,quantile,0.975,67486940.81548227
2025-09-24,ILI incidence,2025-10-12,4,LU,quantile,0.99,465247396.21359134
2025-09-24,ILI incidence,2025-10-12,4,LU,median,,2206.347294455488
2025-09-24,ILI incidence,2025-09-21,1,MT,quantile,0.01,2556.769624870822
2025-09-24,ILI incidence,2025-09-21,1,MT,quantile,0.025,2979.7751085047007
2025-09-24,ILI incidence,2025-09-21,1,MT,quantile,0.05,3399.1272685781237
2025-09-24,ILI incidence,2025-09-21,1,MT,quantile,0.1,3956.3445723457344
2025-09-24,ILI incidence,2025-09-21,1,MT,quantile,0.15,4383.016188583359
2025-09-24,ILI incidence,2025-09-21,1,MT,quantile,0.2,4754.696494786673
2025-09-24,ILI incidence,2025-09-21,1,MT,quantile,0.25,5098.57993309586
2025-09-24,ILI incidence,2025-09-21,1,MT,quantile,0.3,5428.538859886635
2025-09-24,ILI incidence,2025-09-21,1,MT,quantile,0.35,5753.323160659219
2025-09-24,ILI incidence,2025-09-21,1,MT,quantile,0.4,6079.457909847901
2025-09-24,ILI incidence,2025-09-21,1,MT,quantile,0.45,6412.579550644484
2025-09-24,ILI incidence,2025-09-21,1,MT,quantile,0.5,6758.2331265534485
2025-09-24,ILI incidence,2025-09-21,1,MT,quantile,0.55,7122.515362728528
2025-09-24,ILI incidence,2025-09-21,1,MT,quantile,0.6,7512.781550087295
2025-09-24,ILI incidence,2025-09-21,1,MT,quantile,0.65,7938.63619760687
2025-09-24,ILI incidence,2025-09-21,1,MT,quantile,0.7,8413.569568077726
2025-09-24,ILI incidence,2025-09-21,1,MT,quantile,0.75,8958.018793409057
2025-09-24,ILI incidence,2025-09-21,1,MT,quantile,0.8,9605.84360517563
2025-09-24,ILI incidence,2025-09-21,1,MT,quantile,0.85,10420.319286656371
2025-09-24,ILI incidence,2025-09-21,1,MT,quantile,0.9,11543.921505790484
2025-09-24,ILI incidence,2025-09-21,1,MT,quantile,0.95,13435.918341648743
2025-09-24,ILI incidence,2025-09-21,1,MT,quantile,0.975,15326.29937550252
2025-09-24,ILI incidence,2025-09-21,1,MT,quantile,0.99,17861.137393005014
2025-09-24,ILI incidence,2025-09-21,1,MT,median,,6758.2331265534485
2025-09-24,ILI incidence,2025-09-28,2,MT,quantile,0.01,2430.2617469764755
2025-09-24,ILI incidence,2025-09-28,2,MT,quantile,0.025,2856.4133090161013
2025-09-24,ILI incidence,2025-09-28,2,MT,quantile,0.05,3282.208704384086
2025-09-24,ILI incidence,2025-09-28,2,MT,quantile,0.1,3852.4510331656843
2025-09-24,ILI incidence,2025-09-28,2,MT,quantile,0.15,4292.14753260754
2025-09-24,ILI incidence,2025-09-28,2,MT,quantile,0.2,4677.117063905964
2025-09-24,ILI incidence,2025-09-28,2,MT,quantile,0.25,5034.784165965409
2025-09-24,ILI incidence,2025-09-28,2,MT,quantile,0.3,5379.2260780737015
2025-09-24,ILI incidence,2025-09-28,2,MT,quantile,0.35,5719.39895171029
2025-09-24,ILI incidence,2025-09-28,2,MT,quantile,0.4,6062.0561798885055
2025-09-24,ILI incidence,2025-09-28,2,MT,quantile,0.45,6413.10459045432
2025-09-24,ILI incidence,2025-09-28,2,MT,quantile,0.5,6778.426005406749
2025-09-24,ILI incidence,2025-09-28,2,MT,quantile,0.55,7164.554648295789
2025-09-24,ILI incidence,2025-09-28,2,MT,quantile,0.6,7579.437257902908
2025-09-24,ILI incidence,2025-09-28,2,MT,quantile,0.65,8033.512514034351
2025-09-24,ILI incidence,2025-09-28,2,MT,quantile,0.7,8541.5066337065
2025-09-24,ILI incidence,2025-09-28,2,MT,quantile,0.75,9125.80437605177
2025-09-24,ILI incidence,2025-09-28,2,MT,quantile,0.8,9823.597446993082
2025-09-24,ILI incidence,2025-09-28,2,MT,quantile,0.85,10704.5759471816
2025-09-24,ILI incidence,2025-09-28,2,MT,quantile,0.9,11926.1314380834
2025-09-24,ILI incidence,2025-09-28,2,MT,quantile,0.95,13997.68881360294
2025-09-24,ILI incidence,2025-09-28,2,MT,quantile,0.975,16083.693389564638
2025-09-24,ILI incidence,2025-09-28,2,MT,quantile,0.99,18903.018466930644
2025-09-24,ILI incidence,2025-09-28,2,MT,median,,6778.426005406749
2025-09-24,ILI incidence,2025-10-05,3,MT,quantile,0.01,2315.083640631426
2025-09-24,ILI incidence,2025-10-05,3,MT,quantile,0.025,2743.221586301789
2025-09-24,ILI incidence,2025-10-05,3,MT,quantile,0.05,3174.22924667527
2025-09-24,ILI incidence,2025-10-05,3,MT,quantile,0.1,3755.8200474848054
2025-09-24,ILI incidence,2025-10-05,3,MT,quantile,0.15,4207.2711457086525
2025-09-24,ILI incidence,2025-10-05,3,MT,quantile,0.2,4604.45492431966
2025-09-24,ILI incidence,2025-10-05,3,MT,quantile,0.25,4974.948735066628
2025-09-24,ILI incidence,2025-10-05,3,MT,quantile,0.3,5332.996844222833
2025-09-24,ILI incidence,2025-10-05,3,MT,quantile,0.35,5687.740322547724
2025-09-24,ILI incidence,2025-10-05,3,MT,quantile,0.4,6046.148021430217
2025-09-24,ILI incidence,2025-10-05,3,MT,quantile,0.45,6414.389443220872
2025-09-24,ILI incidence,2025-10-05,3,MT,quantile,0.5,6798.679209499429
2025-09-24,ILI incidence,2025-10-05,3,MT,quantile,0.55,7205.988408311809
2025-09-24,ILI incidence,2025-10-05,3,MT,quantile,0.6,7644.858376253793
2025-09-24,ILI incidence,2025-10-05,3,MT,quantile,0.65,8126.570381238983
2025-09-24,ILI incidence,2025-10-05,3,MT,quantile,0.7,8667.10361955423
2025-09-24,ILI incidence,2025-10-05,3,MT,quantile,0.75,9290.823492124415
2025-09-24,ILI incidence,2025-10-05,3,MT,quantile,0.8,10038.320352034263
2025-09-24,ILI incidence,2025-10-05,3,MT,quantile,0.85,10985.848458956158
2025-09-24,ILI incidence,2025-10-05,3,MT,quantile,0.9,12306.120588076497
2025-09-24,ILI incidence,2025-10-05,3,MT,quantile,0.95,14560.3540819175
2025-09-24,ILI incidence,2025-10-05,3,MT,quantile,0.975,16847.361510925788
2025-09-24,ILI incidence,2025-10-05,3,MT,quantile,0.99,19961.853042515213
2025-09-24,ILI incidence,2025-10-05,3,MT,median,,6798.679209499429
2025-09-24,ILI incidence,2025-10-12,4,MT,quantile,0.01,2209.539854967886
2025-09-24,ILI incidence,2025-10-12,4,MT,quantile,0.025,2638.717691590167
2025-09-24,ILI incidence,2025-10-12,4,MT,quantile,0.05,3073.911277155696
2025-09-24,ILI incidence,2025-10-12,4,MT,quantile,0.1,3665.431218405148
2025-09-24,ILI incidence,2025-10-12,4,MT,quantile,0.15,4127.550956797291
2025-09-24,ILI incidence,2025-10-12,4,MT,quantile,0.2,4536.0254908725765
2025-09-24,ILI incidence,2025-10-12,4,MT,quantile,0.25,4918.521852780921
2025-09-24,ILI incidence,2025-10-12,4,MT,quantile,0.3,5289.4204006838545
2025-09-24,ILI incidence,2025-10-12,4,MT,quantile,0.35,5658.029832155667
2025-09-24,ILI incidence,2025-10-12,4,MT,quantile,0.4,6031.5243007156405
2025-09-24,ILI incidence,2025-10-12,4,MT,quantile,0.45,6416.330289743606
2025-09-24,ILI incidence,2025-10-12,4,MT,quantile,0.5,6818.992919050194
2025-09-24,ILI incidence,2025-10-12,4,MT,quantile,0.55,7246.921069331951
2025-09-24,ILI incidence,2025-10-12,4,MT,quantile,0.6,7709.255458130027
2025-09-24,ILI incidence,2025-10-12,4,MT,quantile,0.65,8218.13027416876
2025-09-24,ILI incidence,2025-10-12,4,MT,quantile,0.7,8790.797228417327
2025-09-24,ILI incidence,2025-10-12,4,MT,quantile,0.75,9453.63904985038
2025-09-24,ILI incidence,2025-10-12,4,MT,quantile,0.8,10250.717454412932
2025-09-24,ILI incidence,2025-10-12,4,MT,quantile,0.85,11265.011707889042
2025-09-24,ILI incidence,2025-10-12,4,MT,quantile,0.9,12684.98826630302
2025-09-24,ILI incidence,2025-10-12,4,MT,quantile,0.95,15125.388771424598
2025-09-24,ILI incidence,2025-10-12,4,MT,quantile,0.975,17619.18096256186
2025-09-24,ILI incidence,2025-10-12,4,MT,quantile,0.99,21040.151242473512
2025-09-24,ILI incidence,2025-10-12,4,MT,median,,6818.992919050194
2025-09-24,ILI incidence,2025-09-21,1,NL,quantile,0.01,2.9542766853317537
2025-09-24,ILI incidence,2025-09-21,1,NL,quantile,0.025,3.6743731245070244
2025-09-24,ILI incidence,2025-09-21,1,NL,quantile,0.05,4.397738262413964
2025-09-24,ILI incidence,2025-09-21,1,NL,quantile,0.1,5.371724612254533
2025-09-24,ILI incidence,2025-09-21,1,NL,quantile,0.15,6.126323529438555
2025-09-24,ILI incidence,2025-09-21,1,NL,quantile,0.2,6.789293351926621
2025-09-24,ILI incidence,2025-09-21,1,NL,quantile,0.25,7.407005404573779
2025-09-24,ILI incidence,2025-09-21,1,NL,quantile,0.3,8.003368054120688
2025-09-24,ILI incidence,2025-09-21,1,NL,quantile,0.35,8.593685721166635
2025-09-24,ILI incidence,2025-09-21,1,NL,quantile,0.4,9.189589039586684
2025-09-24,ILI incidence,2025-09-21,1,NL,quantile,0.45,9.801338821609608
2025-09-24,ILI incidence,2025-09-21,1,NL,quantile,0.5,10.439236966854399
2025-09-24,ILI incidence,2025-09-21,1,NL,quantile,0.55,11.114807668291267
2025-09-24,ILI incidence,2025-09-21,1,NL,quantile,0.6,11.84214131457809
2025-09-24,ILI incidence,2025-09-21,1,NL,quantile,0.65,12.63981958416036
2025-09-24,ILI incidence,2025-09-21,1,NL,quantile,0.7,13.53413229329858
2025-09-24,ILI incidence,2025-09-21,1,NL,quantile,0.75,14.565131231229708
2025-09-24,ILI incidence,2025-09-21,1,NL,quantile,0.8,15.799488281113714
2025-09-24,ILI incidence,2025-09-21,1,NL,quantile,0.85,17.362363404255625
2025-09-24,ILI incidence,2025-09-21,1,NL,quantile,0.9,19.537005339524065
2025-09-24,ILI incidence,2025-09-21,1,NL,quantile,0.95,23.242772810055992
2025-09-24,ILI incidence,2025-09-21,1,NL,quantile,0.975,26.994372485540232
2025-09-24,ILI incidence,2025-09-21,1,NL,quantile,0.99,32.092308100051355
2025-09-24,ILI incidence,2025-09-21,1,NL,median,,10.439236966854399
2025-09-24,ILI incidence,2025-09-28,2,NL,quantile,0.01,2.453609146550899
2025-09-24,ILI incidence,2025-09-28,2,NL,quantile,0.025,3.195381406894664
2025-09-24,ILI incidence,2025-09-28,2,NL,quantile,0.05,3.959576770678832
2025-09-24,ILI incidence,2025-09-28,2,NL,quantile,0.1,5.014951442344564
2025-09-24,ILI incidence,2025-09-28,2,NL,quantile,0.15,5.851145011478858
2025-09-24,ILI incidence,2025-09-28,2,NL,quantile,0.2,6.597876566367103
2025-09-24,ILI incidence,2025-09-28,2,NL,quantile,0.25,7.303044751278893
2025-09-24,ILI incidence,2025-09-28,2,NL,quantile,0.3,7.991913284519095
2025-09-24,ILI incidence,2025-09-28,2,NL,quantile,0.35,8.681169351914926
2025-09-24,ILI incidence,2025-09-28,2,NL,quantile,0.4,9.383996348690376
2025-09-24,ILI incidence,2025-09-28,2,NL,quantile,0.45,10.112515900797824
2025-09-24,ILI incidence,2025-09-28,2,NL,quantile,0.5,10.879369178551093
2025-09-24,ILI incidence,2025-09-28,2,NL,quantile,0.55,11.699141521154356
2025-09-24,ILI incidence,2025-09-28,2,NL,quantile,0.6,12.590086835701511
2025-09-24,ILI incidence,2025-09-28,2,NL,quantile,0.65,13.576690785023445
2025-09-24,ILI incidence,2025-09-28,2,NL,quantile,0.7,14.694036142815959
2025-09-24,ILI incidence,2025-09-28,2,NL,quantile,0.75,15.996103996497613
2025-09-24,ILI incidence,2025-09-28,2,NL,quantile,0.8,17.57353312437207
2025-09-24,ILI incidence,2025-09-28,2,NL,quantile,0.85,19.597930979984948
2025-09-24,ILI incidence,2025-09-28,2,NL,quantile,0.9,22.461438289733366
2025-09-24,ILI incidence,2025-09-28,2,NL,quantile,0.95,27.45392230131647
2025-09-24,ILI incidence,2025-09-28,2,NL,quantile,0.975,32.636849285834856
2025-09-24,ILI incidence,2025-09-28,2,NL,quantile,0.99,39.86143106878347
2025-09-24,ILI incidence,2025-09-28,2,NL,median,,10.879369178551093
2025-09-24,ILI incidence,2025-10-05,3,NL,quantile,0.01,1.969394602893146
2025-09-24,ILI incidence,2025-10-05,3,NL,quantile,0.025,2.7160441799864445
2025-09-24,ILI incidence,2025-10-05,3,NL,quantile,0.05,3.5067283702314427
2025-09-24,ILI incidence,2025-10-05,3,NL,quantile,0.1,4.6293072135821225
2025-09-24,ILI incidence,2025-10-05,3,NL,quantile,0.15,5.540729245949469
2025-09-24,ILI incidence,2025-10-05,3,NL,quantile,0.2,6.369231377546818
2025-09-24,ILI incidence,2025-10-05,3,NL,quantile,0.25,7.163164841523397
2025-09-24,ILI incidence,2025-10-05,3,NL,quantile,0.3,7.948779425808121
2025-09-24,ILI incidence,2025-10-05,3,NL,quantile,0.35,8.744104944699737
2025-09-24,ILI incidence,2025-10-05,3,NL,quantile,0.4,9.564053700165271
2025-09-24,ILI incidence,2025-10-05,3,NL,quantile,0.45,10.422976220400365
2025-09-24,ILI incidence,2025-10-05,3,NL,quantile,0.5,11.336435768300717
2025-09-24,ILI incidence,2025-10-05,3,NL,quantile,0.55,12.322941808599447
2025-09-24,ILI incidence,2025-10-05,3,NL,quantile,0.6,13.406178895420455
2025-09-24,ILI incidence,2025-10-05,3,NL,quantile,0.65,14.618432716920928
2025-09-24,ILI incidence,2025-10-05,3,NL,quantile,0.7,16.006525719753782
2025-09-24,ILI incidence,2025-10-05,3,NL,quantile,0.75,17.643216254960286
2025-09-24,ILI incidence,2025-10-05,3,NL,quantile,0.8,19.65176674043744
2025-09-24,ILI incidence,2025-10-05,3,NL,quantile,0.85,22.267688011953087
2025-09-24,ILI incidence,2025-10-05,3,NL,quantile,0.9,26.03488043754626
2025-09-24,ILI incidence,2025-10-05,3,NL,quantile,0.95,32.76898604998321
2025-09-24,ILI incidence,2025-10-05,3,NL,quantile,0.975,39.95420831782588
2025-09-24,ILI incidence,2025-10-05,3,NL,quantile,0.99,50.2520792343091
2025-09-24,ILI incidence,2025-10-05,3,NL,median,,11.336435768300717
2025-09-24,ILI incidence,2025-10-12,4,NL,quantile,0.01,1.517683529895637
2025-09-24,ILI incidence,2025-10-12,4,NL,quantile,0.025,2.2529952476163366
2025-09-24,ILI incidence,2025-10-12,4,NL,quantile,0.05,3.0550138078518296
2025-09-24,ILI incidence,2025-10-12,4,NL,quantile,0.1,4.228036119643275
2025-09-24,ILI incidence,2025-10-12,4,NL,quantile,0.15,5.205669824146878
2025-09-24,ILI incidence,2025-10-12,4,NL,quantile,0.2,6.111467554272506
2025-09-24,ILI incidence,2025-10-12,4,NL,quantile,0.25,6.99323003454429
2025-09-24,ILI incidence,2025-10-12,4,NL,quantile,0.3,7.877877027711321
2025-09-24,ILI incidence,2025-10-12,4,NL,quantile,0.35,8.784803344255378
2025-09-24,ILI incidence,2025-10-12,4,NL,quantile,0.4,9.730910071605487
2025-09-24,ILI incidence,2025-10-12,4,NL,quantile,0.45,10.733260914770353
2025-09-24,ILI incidence,2025-10-12,4,NL,quantile,0.5,11.811088297532962
2025-09-24,ILI incidence,2025-10-12,4,NL,quantile,0.55,12.987925825511933
2025-09-24,ILI incidence,2025-10-12,4,NL,quantile,0.6,14.294507387725304
2025-09-24,ILI incidence,2025-10-12,4,NL,quantile,0.65,15.773355334069404
2025-09-24,ILI incidence,2025-10-12,4,NL,quantile,0.7,17.48685027455224
2025-09-24,ILI incidence,2025-10-12,4,NL,quantile,0.75,19.532873776670073
2025-09-24,ILI incidence,2025-10-12,4,NL,quantile,0.8,22.07877834141025
2025-09-24,ILI incidence,2025-10-12,4,NL,quantile,0.85,25.447424374491103
2025-09-24,ILI incidence,2025-10-12,4,NL,quantile,0.9,30.39304695132532
2025-09-24,ILI incidence,2025-10-12,4,NL,quantile,0.95,39.47433403294171
2025-09-24,ILI incidence,2025-10-12,4,NL,quantile,0.975,49.453188791913966
2025-09-24,ILI incidence,2025-10-12,4,NL,quantile,0.99,64.18848831409294
2025-09-24,ILI incidence,2025-10-12,4,NL,median,,11.811088297532962
2025-09-24,ILI incidence,2025-09-21,1,NO,quantile,0.01,7.325771209064184
2025-09-24,ILI incidence,2025-09-21,1,NO,quantile,0.025,8.800471320667123
2025-09-24,ILI incidence,2025-09-21,1,NO,quantile,0.05,10.276081611299594
2025-09-24,ILI incidence,2025-09-21,1,NO,quantile,0.1,12.255160133962315
2025-09-24,ILI incidence,2025-09-21,1,NO,quantile,0.15,13.783138507069587
2025-09-24,ILI incidence,2025-09-21,1,NO,quantile,0.2,15.122192152324217
2025-09-24,ILI incidence,2025-09-21,1,NO,quantile,0.25,16.367240942648717
2025-09-24,ILI incidence,2025-09-21,1,NO,quantile,0.3,17.567065834037095
2025-09-24,ILI incidence,2025-09-21,1,NO,quantile,0.35,18.752753039179144
2025-09-24,ILI incidence,2025-09-21,1,NO,quantile,0.4,19.94779231065675
2025-09-24,ILI incidence,2025-09-21,1,NO,quantile,0.45,21.1727767736367
2025-09-24,ILI incidence,2025-09-21,1,NO,quantile,0.5,22.44825827348478
2025-09-24,ILI incidence,2025-09-21,1,NO,quantile,0.55,23.797111416093873
2025-09-24,ILI incidence,2025-09-21,1,NO,quantile,0.6,25.24719626327102
2025-09-24,ILI incidence,2025-09-21,1,NO,quantile,0.65,26.83514859774181
2025-09-24,ILI incidence,2025-09-21,1,NO,quantile,0.7,28.612692763339986
2025-09-24,ILI incidence,2025-09-21,1,NO,quantile,0.75,30.658501075427186
2025-09-24,ILI incidence,2025-09-21,1,NO,quantile,0.8,33.10335336939795
2025-09-24,ILI incidence,2025-09-21,1,NO,quantile,0.85,36.192428102943936
2025-09-24,ILI incidence,2025-09-21,1,NO,quantile,0.9,40.47975660069914
2025-09-24,ILI incidence,2025-09-21,1,NO,quantile,0.95,47.75991811810584
2025-09-24,ILI incidence,2025-09-21,1,NO,quantile,0.975,55.10146676319446
2025-09-24,ILI incidence,2025-09-21,1,NO,quantile,0.99,65.0384248202092
2025-09-24,ILI incidence,2025-09-21,1,NO,median,,22.44825827348478
2025-09-24,ILI incidence,2025-09-28,2,NO,quantile,0.01,6.879785612602124
2025-09-24,ILI incidence,2025-09-28,2,NO,quantile,0.025,8.578585624249902
2025-09-24,ILI incidence,2025-09-28,2,NO,quantile,0.05,10.32981633488393
2025-09-24,ILI incidence,2025-09-28,2,NO,quantile,0.1,12.749809158551681
2025-09-24,ILI incidence,2025-09-28,2,NO,quantile,0.15,14.668263425444556
2025-09-24,ILI incidence,2025-09-28,2,NO,quantile,0.2,16.3821485024022
2025-09-24,ILI incidence,2025-09-28,2,NO,quantile,0.25,18.001168318962446
2025-09-24,ILI incidence,2025-09-28,2,NO,quantile,0.3,19.583219765686835
2025-09-24,ILI incidence,2025-09-28,2,NO,quantile,0.35,21.16657615343879
2025-09-24,ILI incidence,2025-09-28,2,NO,quantile,0.4,22.78150446161282
2025-09-24,ILI incidence,2025-09-28,2,NO,quantile,0.45,24.455862357893267
2025-09-24,ILI incidence,2025-09-28,2,NO,quantile,0.5,26.218727804264958
2025-09-24,ILI incidence,2025-09-28,2,NO,quantile,0.55,28.10367493611715
2025-09-24,ILI incidence,2025-09-28,2,NO,quantile,0.6,30.15274496104873
2025-09-24,ILI incidence,2025-09-28,2,NO,quantile,0.65,32.422353463808804
2025-09-24,ILI incidence,2025-09-28,2,NO,quantile,0.7,34.99335535044486
2025-09-24,ILI incidence,2025-09-28,2,NO,quantile,0.75,37.99018896345005
2025-09-24,ILI incidence,2025-09-28,2,NO,quantile,0.8,41.62183947975592
2025-09-24,ILI incidence,2025-09-28,2,NO,quantile,0.85,46.28406225794906
2025-09-24,ILI incidence,2025-09-28,2,NO,quantile,0.9,52.881412806510816
2025-09-24,ILI incidence,2025-09-28,2,NO,quantile,0.95,64.39021652112734
2025-09-24,ILI incidence,2025-09-28,2,NO,quantile,0.975,76.34535894391846
2025-09-24,ILI incidence,2025-09-28,2,NO,quantile,0.99,93.02021574010992
2025-09-24,ILI incidence,2025-09-28,2,NO,median,,26.218727804264958
2025-09-24,ILI incidence,2025-10-05,3,NO,quantile,0.01,6.027400305669444
2025-09-24,ILI incidence,2025-10-05,3,NO,quantile,0.025,7.904530242125688
2025-09-24,ILI incidence,2025-10-05,3,NO,quantile,0.05,9.915376508834106
2025-09-24,ILI incidence,2025-10-05,3,NO,quantile,0.1,12.80353128745157
2025-09-24,ILI incidence,2025-10-05,3,NO,quantile,0.15,15.172471176102455
2025-09-24,ILI incidence,2025-10-05,3,NO,quantile,0.2,17.34194819591735
2025-09-24,ILI incidence,2025-10-05,3,NO,quantile,0.25,19.43368351267622
2025-09-24,ILI incidence,2025-10-05,3,NO,quantile,0.3,21.514659830215866
2025-09-24,ILI incidence,2025-10-05,3,NO,quantile,0.35,23.631715929234808
2025-09-24,ILI incidence,2025-10-05,3,NO,quantile,0.4,25.824376439927196
2025-09-24,ILI incidence,2025-10-05,3,NO,quantile,0.45,28.13140258873929
2025-09-24,ILI incidence,2025-10-05,3,NO,quantile,0.5,30.595487163344135
2025-09-24,ILI incidence,2025-10-05,3,NO,quantile,0.55,33.26799674502888
2025-09-24,ILI incidence,2025-10-05,3,NO,quantile,0.6,36.2152102519388
2025-09-24,ILI incidence,2025-10-05,3,NO,quantile,0.65,39.528025410694816
2025-09-24,ILI incidence,2025-10-05,3,NO,quantile,0.7,43.33888038358487
2025-09-24,ILI incidence,2025-10-05,3,NO,quantile,0.75,47.85437363604833
2025-09-24,ILI incidence,2025-10-05,3,NO,quantile,0.8,53.42577846290316
2025-09-24,ILI incidence,2025-10-05,3,NO,quantile,0.85,60.726794762458034
2025-09-24,ILI incidence,2025-10-05,3,NO,quantile,0.9,71.32024822492706
2025-09-24,ILI incidence,2025-10-05,3,NO,quantile,0.95,90.45582914900945
2025-09-24,ILI incidence,2025-10-05,3,NO,quantile,0.975,111.10864379643418
2025-09-24,ILI incidence,2025-10-05,3,NO,quantile,0.99,141.05463836799987
2025-09-24,ILI incidence,2025-10-05,3,NO,median,,30.595487163344135
2025-09-24,ILI incidence,2025-10-12,4,NO,quantile,0.01,4.9659713757657675
2025-09-24,ILI incidence,2025-10-12,4,NO,quantile,0.025,6.9413840924802725
2025-09-24,ILI incidence,2025-10-12,4,NO,quantile,0.05,9.156123783792854
2025-09-24,ILI incidence,2025-10-12,4,NO,quantile,0.1,12.486466884607049
2025-09-24,ILI incidence,2025-10-12,4,NO,quantile,0.15,15.33053988994386
2025-09-24,ILI incidence,2025-10-12,4,NO,quantile,0.2,18.012869099475267
2025-09-24,ILI incidence,2025-10-12,4,NO,quantile,0.25,20.66258112782455
2025-09-24,ILI incidence,2025-10-12,4,NO,quantile,0.3,23.355380448452852
2025-09-24,ILI incidence,2025-10-12,4,NO,quantile,0.35,26.14858447555804
2025-09-24,ILI incidence,2025-10-12,4,NO,quantile,0.4,29.094704684881183
2025-09-24,ILI incidence,2025-10-12,4,NO,quantile,0.45,32.24905874516291
2025-09-24,ILI incidence,2025-10-12,4,NO,quantile,0.5,35.676027486215666
2025-09-24,ILI incidence,2025-10-12,4,NO,quantile,0.55,39.45621268497825
2025-09-24,ILI incidence,2025-10-12,4,NO,quantile,0.6,43.69660049016554
2025-09-24,ILI incidence,2025-10-12,4,NO,quantile,0.65,48.54700284210668
2025-09-24,ILI incidence,2025-10-12,4,NO,quantile,0.7,54.22931555171397
2025-09-24,ILI incidence,2025-10-12,4,NO,quantile,0.75,61.094677648633954
2025-09-24,ILI incidence,2025-10-12,4,NO,quantile,0.8,69.7484485972068
2025-09-24,ILI incidence,2025-10-12,4,NO,quantile,0.85,81.36904604715255
2025-09-24,ILI incidence,2025-10-12,4,NO,quantile,0.9,98.73931672979005
2025-09-24,ILI incidence,2025-10-12,4,NO,quantile,0.95,131.44531287775422
2025-09-24,ILI incidence,2025-10-12,4,NO,quantile,0.975,168.3824371803596
2025-09-24,ILI incidence,2025-10-12,4,NO,quantile,0.99,224.46722192360346
2025-09-24,ILI incidence,2025-10-12,4,NO,median,,35.676027486215666
2025-09-24,ILI incidence,2025-09-21,1,PL,quantile,0.01,53.18038139018344
2025-09-24,ILI incidence,2025-09-21,1,PL,quantile,0.025,62.05414330511683
2025-09-24,ILI incidence,2025-09-21,1,PL,quantile,0.05,70.84008128577646
2025-09-24,ILI incidence,2025-09-21,1,PL,quantile,0.1,82.49958360666052
2025-09-24,ILI incidence,2025-09-21,1,PL,quantile,0.15,91.41739299811172
2025-09-24,ILI incidence,2025-09-21,1,PL,quantile,0.2,99.17945813435409
2025-09-24,ILI incidence,2025-09-21,1,PL,quantile,0.25,106.35616262125848
2025-09-24,ILI incidence,2025-09-21,1,PL,quantile,0.3,113.23818190436499
2025-09-24,ILI incidence,2025-09-21,1,PL,quantile,0.35,120.00860686846677
2025-09-24,ILI incidence,2025-09-21,1,PL,quantile,0.4,126.80373331315239
2025-09-24,ILI incidence,2025-09-21,1,PL,quantile,0.45,133.7410593688854
2025-09-24,ILI incidence,2025-09-21,1,PL,quantile,0.5,140.93595019007174
2025-09-24,ILI incidence,2025-09-21,1,PL,quantile,0.55,148.515033136296
2025-09-24,ILI incidence,2025-09-21,1,PL,quantile,0.6,156.63087222965578
2025-09-24,ILI incidence,2025-09-21,1,PL,quantile,0.65,165.48248812794372
2025-09-24,ILI incidence,2025-09-21,1,PL,quantile,0.7,175.34921722777156
2025-09-24,ILI incidence,2025-09-21,1,PL,quantile,0.75,186.65400573631615
2025-09-24,ILI incidence,2025-09-21,1,PL,quantile,0.8,200.09725418299115
2025-09-24,ILI incidence,2025-09-21,1,PL,quantile,0.85,216.98725654131087
2025-09-24,ILI incidence,2025-09-21,1,PL,quantile,0.9,240.26843615483074
2025-09-24,ILI incidence,2025-09-21,1,PL,quantile,0.95,279.42582352070883
2025-09-24,ILI incidence,2025-09-21,1,PL,quantile,0.975,318.5002405928129
2025-09-24,ILI incidence,2025-09-21,1,PL,quantile,0.99,370.82857409727654
2025-09-24,ILI incidence,2025-09-21,1,PL,median,,140.93595019007174
2025-09-24,ILI incidence,2025-09-28,2,PL,quantile,0.01,50.74343669901057
2025-09-24,ILI incidence,2025-09-28,2,PL,quantile,0.025,60.4154861702661
2025-09-24,ILI incidence,2025-09-28,2,PL,quantile,0.05,70.16811390002617
2025-09-24,ILI incidence,2025-09-28,2,PL,quantile,0.1,83.34941524839357
2025-09-24,ILI incidence,2025-09-28,2,PL,quantile,0.15,93.59589821051911
2025-09-24,ILI incidence,2025-09-28,2,PL,quantile,0.2,102.620098549651
2025-09-24,ILI incidence,2025-09-28,2,PL,quantile,0.25,111.04513194663322
2025-09-24,ILI incidence,2025-09-28,2,PL,quantile,0.3,119.19329353736406
2025-09-24,ILI incidence,2025-09-28,2,PL,quantile,0.35,127.27180631536686
2025-09-24,ILI incidence,2025-09-28,2,PL,quantile,0.4,135.43902985965724
2025-09-24,ILI incidence,2025-09-28,2,PL,quantile,0.45,143.8355271338536
2025-09-24,ILI incidence,2025-09-28,2,PL,quantile,0.5,152.60323867991792
2025-09-24,ILI incidence,2025-09-28,2,PL,quantile,0.55,161.90170926885122
2025-09-24,ILI incidence,2025-09-28,2,PL,quantile,0.6,171.92672747108244
2025-09-24,ILI incidence,2025-09-28,2,PL,quantile,0.65,182.93718472282316
2025-09-24,ILI incidence,2025-09-28,2,PL,quantile,0.7,195.30009494352745
2025-09-24,ILI incidence,2025-09-28,2,PL,quantile,0.75,209.57545761289822
2025-09-24,ILI incidence,2025-09-28,2,PL,quantile,0.8,226.69670424173992
2025-09-24,ILI incidence,2025-09-28,2,PL,quantile,0.85,248.41837203609504
2025-09-24,ILI incidence,2025-09-28,2,PL,quantile,0.9,278.71687608598063
2025-09-24,ILI incidence,2025-09-28,2,PL,quantile,0.95,330.5242408433579
2025-09-24,ILI incidence,2025-09-28,2,PL,quantile,0.975,383.16947262370917
2025-09-24,ILI incidence,2025-09-28,2,PL,quantile,0.99,454.97966501925424
2025-09-24,ILI incidence,2025-09-28,2,PL,median,,152.60323867991792
2025-09-24,ILI incidence,2025-10-05,3,PL,quantile,0.01,46.71027372781291
2025-09-24,ILI incidence,2025-10-05,3,PL,quantile,0.025,57.074887319335836
2025-09-24,ILI incidence,2025-10-05,3,PL,quantile,0.05,67.77282241052332
2025-09-24,ILI incidence,2025-10-05,3,PL,quantile,0.1,82.57476685742499
2025-09-24,ILI incidence,2025-10-05,3,PL,quantile,0.15,94.3221313173849
2025-09-24,ILI incidence,2025-10-05,3,PL,quantile,0.2,104.8253645783455
2025-09-24,ILI incidence,2025-10-05,3,PL,quantile,0.25,114.75387119218655
2025-09-24,ILI incidence,2025-10-05,3,PL,quantile,0.3,124.46136610318794
2025-09-24,ILI incidence,2025-10-05,3,PL,quantile,0.35,134.18206845416648
2025-09-24,ILI incidence,2025-10-05,3,PL,quantile,0.4,144.10157636326358
2025-09-24,ILI incidence,2025-10-05,3,PL,quantile,0.45,154.3910694861021
2025-09-24,ILI incidence,2025-10-05,3,PL,quantile,0.5,165.22955554088
2025-09-24,ILI incidence,2025-10-05,3,PL,quantile,0.55,176.8240231353185
2025-09-24,ILI incidence,2025-10-05,3,PL,quantile,0.6,189.43394171087976
2025-09-24,ILI incidence,2025-10-05,3,PL,quantile,0.65,203.40776984180587
2025-09-24,ILI incidence,2025-10-05,3,PL,quantile,0.7,219.24521168207158
2025-09-24,ILI incidence,2025-10-05,3,PL,quantile,0.75,237.71568916637406
2025-09-24,ILI incidence,2025-10-05,3,PL,quantile,0.8,260.1119295021333
2025-09-24,ILI incidence,2025-10-05,3,PL,quantile,0.85,288.8829973001133
2025-09-24,ILI incidence,2025-10-05,3,PL,quantile,0.9,329.62928171200264
2025-09-24,ILI incidence,2025-10-05,3,PL,quantile,0.95,400.7904772087748
2025-09-24,ILI incidence,2025-10-05,3,PL,quantile,0.975,474.8040249544908
2025-09-24,ILI incidence,2025-10-05,3,PL,quantile,0.99,578.1680276864595
2025-09-24,ILI incidence,2025-10-05,3,PL,median,,165.22955554088
2025-09-24,ILI incidence,2025-10-12,4,PL,quantile,0.01,41.64390276933146
2025-09-24,ILI incidence,2025-10-12,4,PL,quantile,0.025,52.49525243940791
2025-09-24,ILI incidence,2025-10-12,4,PL,quantile,0.05,64.0121918428504
2025-09-24,ILI incidence,2025-10-12,4,PL,quantile,0.1,80.40009762592831
2025-09-24,ILI incidence,2025-10-12,4,PL,quantile,0.15,93.73173742452667
2025-09-24,ILI incidence,2025-10-12,4,PL,quantile,0.2,105.8679180699165
2025-09-24,ILI incidence,2025-10-12,4,PL,quantile,0.25,117.51152085751053
2025-09-24,ILI incidence,2025-10-12,4,PL,quantile,0.3,129.04511213241136
2025-09-24,ILI incidence,2025-10-12,4,PL,quantile,0.35,140.7323529024894
2025-09-24,ILI incidence,2025-10-12,4,PL,quantile,0.4,152.79215493936522
2025-09-24,ILI incidence,2025-10-12,4,PL,quantile,0.45,165.43595780695594
2025-09-24,ILI incidence,2025-10-12,4,PL,quantile,0.5,178.89376765645434
2025-09-24,ILI incidence,2025-10-12,4,PL,quantile,0.55,193.43975970126493
2025-09-24,ILI incidence,2025-10-12,4,PL,quantile,0.6,209.4253474723303
2025-09-24,ILI incidence,2025-10-12,4,PL,quantile,0.65,227.33013760731816
2025-09-24,ILI incidence,2025-10-12,4,PL,quantile,0.7,247.85031902378466
2025-09-24,ILI incidence,2025-10-12,4,PL,quantile,0.75,272.06853719769407
2025-09-24,ILI incidence,2025-10-12,4,PL,quantile,0.8,301.82023104878164
2025-09-24,ILI incidence,2025-10-12,4,PL,quantile,0.85,340.61484336141507
2025-09-24,ILI incidence,2025-10-12,4,PL,quantile,0.9,396.5642362291985
2025-09-24,ILI incidence,2025-10-12,4,PL,quantile,0.95,496.779981328122
2025-09-24,ILI incidence,2025-10-12,4,PL,quantile,0.975,603.9465357377154
2025-09-24,ILI incidence,2025-10-12,4,PL,quantile,0.99,757.8838155054664
2025-09-24,ILI incidence,2025-10-12,4,PL,median,,178.89376765645434
2025-09-24,ILI incidence,2025-09-21,1,SI,quantile,0.01,0
2025-09-24,ILI incidence,2025-09-21,1,SI,quantile,0.025,0
2025-09-24,ILI incidence,2025-09-21,1,SI,quantile,0.05,0
2025-09-24,ILI incidence,2025-09-21,1,SI,quantile,0.1,0
2025-09-24,ILI incidence,2025-09-21,1,SI,quantile,0.15,0.09291182818491239
2025-09-24,ILI incidence,2025-09-21,1,SI,quantile,0.2,0.22923315865155303
2025-09-24,ILI incidence,2025-09-21,1,SI,quantile,0.25,0.3596586315063717
2025-09-24,ILI incidence,2025-09-21,1,SI,quantile,0.3,0.48853723186502784
2025-09-24,ILI incidence,2025-09-21,1,SI,quantile,0.35,0.6188426558886044
2025-09-24,ILI incidence,2025-09-21,1,SI,quantile,0.4,0.7530218170723728
2025-09-24,ILI incidence,2025-09-21,1,SI,quantile,0.45,0.8934178449138468
2025-09-24,ILI incidence,2025-09-21,1,SI,quantile,0.5,1.0425614384698663
2025-09-24,ILI incidence,2025-09-21,1,SI,quantile,0.55,1.2034529996277308
2025-09-24,ILI incidence,2025-09-21,1,SI,quantile,0.6,1.3799231642716334
2025-09-24,ILI incidence,2025-09-21,1,SI,quantile,0.65,1.5771851357808409
2025-09-24,ILI incidence,2025-09-21,1,SI,quantile,0.7,1.8027899743540905
2025-09-24,ILI incidence,2025-09-21,1,SI,quantile,0.75,2.0684593421084303
2025-09-24,ILI incidence,2025-09-21,1,SI,quantile,0.8,2.3940324506871926
2025-09-24,ILI incidence,2025-09-21,1,SI,quantile,0.85,2.817377689884614
2025-09-24,ILI incidence,2025-09-21,1,SI,quantile,0.9,3.4258491422910877
2025-09-24,ILI incidence,2025-09-21,1,SI,quantile,0.95,4.510580224869698
2025-09-24,ILI incidence,2025-09-21,1,SI,quantile,0.975,5.664533551304205
2025-09-24,ILI incidence,2025-09-21,1,SI,quantile,0.99,7.31338804401619
2025-09-24,ILI incidence,2025-09-21,1,SI,median,,1.0425614384698663
2025-09-24,ILI incidence,2025-09-28,2,SI,quantile,0.01,0
2025-09-24,ILI incidence,2025-09-28,2,SI,quantile,0.025,0
2025-09-24,ILI incidence,2025-09-28,2,SI,quantile,0.05,0
2025-09-24,ILI incidence,2025-09-28,2,SI,quantile,0.1,0
2025-09-24,ILI incidence,2025-09-28,2,SI,quantile,0.15,0
2025-09-24,ILI incidence,2025-09-28,2,SI,quantile,0.2,0.1064448897395589
2025-09-24,ILI incidence,2025-09-28,2,SI,quantile,0.25,0.2663407138132188
2025-09-24,ILI incidence,2025-09-28,2,SI,quantile,0.3,0.42953187873135
2025-09-24,ILI incidence,2025-09-28,2,SI,quantile,0.35,0.5994684723305832
2025-09-24,ILI incidence,2025-09-28,2,SI,quantile,0.4,0.7793643254892488
2025-09-24,ILI incidence,2025-09-28,2,SI,quantile,0.45,0.9726507918845728
2025-09-24,ILI incidence,2025-09-28,2,SI,quantile,0.5,1.1833606991250658
2025-09-24,ILI incidence,2025-09-28,2,SI,quantile,0.55,1.4165777146646823
2025-09-24,ILI incidence,2025-09-28,2,SI,quantile,0.6,1.6790825657208561
2025-09-24,ILI incidence,2025-09-28,2,SI,quantile,0.65,1.9804050689025563
2025-09-24,ILI incidence,2025-09-28,2,SI,quantile,0.7,2.334702788660067
2025-09-24,ILI incidence,2025-09-28,2,SI,quantile,0.75,2.7644402414649245
2025-09-24,ILI incidence,2025-09-28,2,SI,quantile,0.8,3.3084513170881884
2025-09-24,ILI incidence,2025-09-28,2,SI,quantile,0.85,4.04255764625774
2025-09-24,ILI incidence,2025-09-28,2,SI,quantile,0.9,5.146462182917439
2025-09-24,ILI incidence,2025-09-28,2,SI,quantile,0.95,7.242370645405611
2025-09-24,ILI incidence,2025-09-28,2,SI,quantile,0.975,9.631045941078298
2025-09-24,ILI incidence,2025-09-28,2,SI,quantile,0.99,13.291699022104535
2025-09-24,ILI incidence,2025-09-28,2,SI,median,,1.1833606991250658
2025-09-24,ILI incidence,2025-10-05,3,SI,quantile,0.01,0
2025-09-24,ILI incidence,2025-10-05,3,SI,quantile,0.025,0
2025-09-24,ILI incidence,2025-10-05,3,SI,quantile,0.05,0
2025-09-24,ILI incidence,2025-10-05,3,SI,quantile,0.1,0
2025-09-24,ILI incidence,2025-10-05,3,SI,quantile,0.15,0
2025-09-24,ILI incidence,2025-10-05,3,SI,quantile,0.2,0
2025-09-24,ILI incidence,2025-10-05,3,SI,quantile,0.25,0.1666634333862147
2025-09-24,ILI incidence,2025-10-05,3,SI,quantile,0.3,0.36130012908104137
2025-09-24,ILI incidence,2025-10-05,3,SI,quantile,0.35,0.570532983209564
2025-09-24,ILI incidence,2025-10-05,3,SI,quantile,0.4,0.7987359446376592
2025-09-24,ILI incidence,2025-10-05,3,SI,quantile,0.45,1.0510371920003596
2025-09-24,ILI incidence,2025-10-05,3,SI,quantile,0.5,1.3338656244969762
2025-09-24,ILI incidence,2025-10-05,3,SI,quantile,0.55,1.6556947745527313
2025-09-24,ILI incidence,2025-10-05,3,SI,quantile,0.6,2.0281980906907946
2025-09-24,ILI incidence,2025-10-05,3,SI,quantile,0.65,2.46820398644366
2025-09-24,ILI incidence,2025-10-05,3,SI,quantile,0.7,3.0012695487553245
2025-09-24,ILI incidence,2025-10-05,3,SI,quantile,0.75,3.668809013237925
2025-09-24,ILI incidence,2025-10-05,3,SI,quantile,0.8,4.543997527667692
2025-09-24,ILI incidence,2025-10-05,3,SI,quantile,0.85,5.7732664506093485
2025-09-24,ILI incidence,2025-10-05,3,SI,quantile,0.9,7.714304622328946
2025-09-24,ILI incidence,2025-10-05,3,SI,quantile,0.95,11.659928863912777
2025-09-24,ILI incidence,2025-10-05,3,SI,quantile,0.975,16.503072801629862
2025-09-24,ILI incidence,2025-10-05,3,SI,quantile,0.99,24.508723663941314
2025-09-24,ILI incidence,2025-10-05,3,SI,median,,1.3338656244969762
2025-09-24,ILI incidence,2025-10-12,4,SI,quantile,0.01,0
2025-09-24,ILI incidence,2025-10-12,4,SI,quantile,0.025,0
2025-09-24,ILI incidence,2025-10-12,4,SI,quantile,0.05,0
2025-09-24,ILI incidence,2025-10-12,4,SI,quantile,0.1,0
2025-09-24,ILI incidence,2025-10-12,4,SI,quantile,0.15,0
2025-09-24,ILI incidence,2025-10-12,4,SI,quantile,0.2,0
2025-09-24,ILI incidence,2025-10-12,4,SI,quantile,0.25,0.0636687159624727
2025-09-24,ILI incidence,2025-10-12,4,SI,quantile,0.3,0.2858451661726351
2025-09-24,ILI incidence,2025-10-12,4,SI,quantile,0.35,0.5329505515649238
2025-09-24,ILI incidence,2025-10-12,4,SI,quantile,0.4,0.81120178402201
2025-09-24,ILI incidence,2025-10-12,4,SI,quantile,0.45,1.1283944089025142
2025-09-24,ILI incidence,2025-10-12,4,SI,quantile,0.5,1.4947452592305495
2025-09-24,ILI incidence,2025-10-12,4,SI,quantile,0.55,1.924154415375729
2025-09-24,ILI incidence,2025-10-12,4,SI,quantile,0.6,2.436256502924066
2025-09-24,ILI incidence,2025-10-12,4,SI,quantile,0.65,3.0599834757225146
2025-09-24,ILI incidence,2025-10-12,4,SI,quantile,0.7,3.8402047712933687
2025-09-24,ILI incidence,2025-10-12,4,SI,quantile,0.75,4.851214588765704
2025-09-24,ILI incidence,2025-10-12,4,SI,quantile,0.8,6.22740867779638
2025-09-24,ILI incidence,2025-10-12,4,SI,quantile,0.85,8.245125456983327
2025-09-24,ILI incidence,2025-10-12,4,SI,quantile,0.9,11.6024624575238
2025-09-24,ILI incidence,2025-10-12,4,SI,quantile,0.95,18.94655129022865
2025-09-24,ILI incidence,2025-10-12,4,SI,quantile,0.975,28.70491683698246
2025-09-24,ILI incidence,2025-10-12,4,SI,quantile,0.99,46.198948906084695
2025-09-24,ILI incidence,2025-10-12,4,SI,median,,1.4947452592305495
